  0.0  1.1  2.2  3.3  4.4  5.6  6.7  7.8  8.9 10.0
  0.800  0.800  0.800  0.800  0.800  0.800  0.800  0.800  0.800  0.800  0.800  0.800  0.800  0.800  0.800  0.800  0.800  0.800  0.800  0.800  0.800  0.800  0.800  0.800  0.800  0.800  0.800  0.800  0.800  0.800  0.800  0.800  0.800  0.800  0.800  0.800
  0.800  0.800  0.800  0.800  0.800  0.800  0.800  0.800  0.800  0.800  0.800  0.800  0.800  0.800  0.800  0.800  0.800  0.800  0.800  0.800  0.800  0.800  0.800  0.800  0.800  0.800  0.800  0.800  0.800  0.800  0.800  0.800  0.800  0.800  0.800  0.800
  0.800  0.800  0.800  0.800  0.800  0.800  0.800  0.800  0.800  0.800  0.800  0.800  0.800  0.800  0.800  0.800  0.800  0.800  0.800  0.800  0.800  0.800  0.800  0.800  0.800  0.800  0.800  0.800  0.800  0.800  0.800  0.800  0.800  0.800  0.800  0.800
  0.800  0.800  0.800  0.800  0.800  0.800  0.800  0.800  0.800  0.800  0.800  0.800  0.800  0.800  0.800  0.800  0.800  0.800  0.800  0.800  0.800  0.800  0.800  0.800  0.800  0.800  0.800  0.800  0.800  0.800  0.800  0.800  0.800  0.800  0.800  0.800
  0.800  0.800  0.800  0.800  0.800  0.800  0.800  0.800  0.800  0.800  0.800  0.800  0.800  0.800  0.800  0.800  0.800  0.800  0.800  0.800  0.800  0.800  0.800  0.800  0.800  0.800  0.800  0.800  0.800  0.800  0.800  0.800  0.800  0.800  0.800  0.800
  0.800  0.800  0.800  0.800  0.800  0.800  0.800  0.800  0.800  0.800  0.800  0.800  0.800  0.800  0.800  0.800  0.800  0.800  0.800  0.800  0.800  0.800  0.800  0.800  0.800  0.800  0.800  0.800  0.800  0.800  0.800  0.800  0.800  0.800  0.800  0.800
  0.800  0.800  0.800  0.800  0.800  0.800  0.800  0.800  0.800  0.800  0.800  0.800  0.800  0.800  0.800  0.800  0.800  0.800  0.800  0.800  0.800  0.800  0.800  0.800  0.800  0.800  0.800  0.800  0.800  0.800  0.800  0.800  0.800  0.800  0.800  0.800
  0.800  0.800  0.800  0.800  0.800  0.800  0.800  0.800  0.800  0.800  0.800  0.800  0.800  0.800  0.800  0.800  0.800  0.800  0.800  0.800  0.800  0.800  0.800  0.800  0.800  0.800  0.800  0.800  0.800  0.800  0.800  0.800  0.800  0.800  0.800  0.800
  0.800  0.800  0.800  0.800  0.800  0.800  0.800  0.800  0.800  0.800  0.800  0.800  0.800  0.800  0.800  0.800  0.800  0.800  0.800  0.800  0.800  0.800  0.800  0.800  0.800  0.800  0.800  0.800  0.800  0.800  0.800  0.800  0.800  0.800  0.800  0.800
  0.800  0.800  0.800  0.800  0.800  0.800  0.800  0.800  0.800  0.800  0.800  0.800  0.800  0.800  0.800  0.800  0.800  0.800  0.800  0.800  0.800  0.800  0.800  0.800  0.800  0.800  0.800  0.800  0.800  0.800  0.800  0.800  0.800  0.800  0.800  0.800
  0.800  0.800  0.800  0.800  0.800  0.800  0.800  0.800  0.800  0.800  0.800  0.800  0.800  0.800  0.800  0.800  0.800  0.800  0.800  0.800  0.800  0.800  0.800  0.800  0.800  0.800  0.800  0.800  0.800  0.800  0.800  0.800  0.800  0.800  0.800  0.800
  0.800  0.800  0.800  0.800  0.800  0.800  0.800  0.800  0.800  0.800  0.800  0.800  0.800  0.800  0.800  0.800  0.800  0.800  0.800  0.800  0.800  0.800  0.800  0.800  0.800  0.800  0.800  0.800  0.800  0.800  0.800  0.800  0.800  0.800  0.800  0.800
  0.800  0.800  0.800  0.800  0.800  0.800  0.800  0.800  0.800  0.800  0.800  0.800  0.800  0.800  0.800  0.800  0.800  0.800  0.800  0.800  0.800  0.800  0.800  0.800  0.800  0.800  0.800  0.800  0.800  0.800  0.800  0.800  0.800  0.800  0.800  0.800
  0.800  0.800  0.800  0.800  0.800  0.800  0.800  0.800  0.800  0.800  0.800  0.800  0.800  0.800  0.800  0.800  0.800  0.800  0.800  0.800  0.800  0.800  0.800  0.800  0.800  0.800  0.800  0.800  0.800  0.800  0.800  0.800  0.800  0.800  0.800  0.800
  0.800  0.800  0.800  0.800  0.800  0.800  0.800  0.800  0.800  0.800  0.800  0.800  0.800  0.800  0.800  0.800  0.800  0.800  0.800  0.800  0.800  0.800  0.800  0.800  0.800  0.800  0.800  0.800  0.800  0.800  0.800  0.800  0.800  0.800  0.800  0.800
  0.800  0.800  0.800  0.800  0.800  0.800  0.800  0.800  0.800  0.800  0.800  0.800  0.800  0.800  0.800  0.800  0.800  0.800  0.800  0.800  0.800  0.800  0.800  0.800  0.800  0.800  0.800  0.800  0.800  0.800  0.800  0.800  0.800  0.800  0.800  0.800
  0.800  0.800  0.800  0.800  0.800  0.800  0.800  0.800  0.800  0.800  0.800  0.800  0.800  0.800  0.800  0.800  0.800  0.800  0.800  0.800  0.800  0.800  0.800  0.800  0.800  0.800  0.800  0.800  0.800  0.800  0.800  0.800  0.800  0.800  0.800  0.800
  0.800  0.800  0.800  0.800  0.800  0.800  0.800  0.800  0.800  0.800  0.800  0.800  0.800  0.800  0.800  0.800  0.800  0.800  0.800  0.800  0.800  0.800  0.800  0.800  0.800  0.800  0.800  0.800  0.800  0.800  0.800  0.800  0.800  0.800  0.800  0.800
  0.800  0.800  0.800  0.800  0.800  0.800  0.800  0.800  0.800  0.800  0.800  0.800  0.800  0.800  0.800  0.800  0.800  0.800  0.800  0.800  0.800  0.800  0.800  0.800  0.800  0.800  0.800  0.800  0.800  0.800  0.800  0.800  0.800  0.800  0.800  0.800
  0.800  0.800  0.800  0.800  0.800  0.800  0.800  0.800  0.800  0.800  0.800  0.800  0.800  0.800  0.800  0.800  0.800  0.800  0.800  0.800  0.800  0.800  0.800  0.800  0.800  0.800  0.800  0.800  0.800  0.800  0.800  0.800  0.800  0.800  0.800  0.800
  0.800  0.800  0.800  0.800  0.800  0.800  0.800  0.800  0.800  0.800  0.800  0.800  0.800  0.800  0.800  0.800  0.800  0.800  0.800  0.800  0.800  0.800  0.800  0.800  0.800  0.800  0.800  0.800  0.800  0.800  0.800  0.800  0.800  0.800  0.800  0.800
  0.800  0.800  0.800  0.800  0.800  0.800  0.800  0.800  0.800  0.800  0.800  0.800  0.800  0.800  0.800  0.800  0.800  0.800  0.800  0.800  0.800  0.800  0.800  0.800  0.800  0.800  0.800  0.800  0.800  0.800  0.800  0.800  0.800  0.800  0.800  0.800
  0.800  0.800  0.800  0.800  0.800  0.800  0.800  0.800  0.800  0.800  0.800  0.800  0.800  0.800  0.800  0.800  0.800  0.800  0.800  0.800  0.800  0.800  0.800  0.800  0.800  0.800  0.800  0.800  0.800  0.800  0.800  0.800  0.800  0.800  0.800  0.800
  0.800  0.800  0.800  0.800  0.800  0.800  0.800  0.800  0.800  0.800  0.800  0.800  0.800  0.800  0.800  0.800  0.800  0.800  0.800  0.800  0.800  0.800  0.800  0.800  0.800  0.800  0.800  0.800  0.800  0.800  0.800  0.800  0.800  0.800  0.800  0.800
  0.800  0.800  0.800  0.800  0.800  0.800  0.800  0.800  0.800  0.800  0.800  0.800  0.800  0.800  0.800  0.800  0.800  0.800  0.800  0.800  0.800  0.800  0.800  0.800  0.800  0.800  0.800  0.800  0.800  0.800  0.800  0.800  0.800  0.800  0.800  0.800
  0.800  0.800  0.800  0.800  0.800  0.800  0.800  0.800  0.800  0.800  0.800  0.800  0.800  0.800  0.800  0.800  0.800  0.800  0.800  0.800  0.800  0.800  0.800  0.800  0.800  0.800  0.800  0.800  0.800  0.800  0.800  0.800  0.800  0.800  0.800  0.800
  0.800  0.800  0.800  0.800  0.800  0.800  0.800  0.800  0.800  0.800  0.800  0.800  0.800  0.800  0.800  0.800  0.800  0.800  0.800  0.800  0.800  0.800  0.800  0.800  0.800  0.800  0.800  0.800  0.800  0.800  0.800  0.800  0.800  0.800  0.800  0.800
  0.800  0.800  0.800  0.800  0.800  0.800  0.800  0.800  0.800  0.800  0.800  0.800  0.800  0.800  0.800  0.800  0.800  0.800  0.800  0.800  0.800  0.800  0.800  0.800  0.800  0.800  0.800  0.800  0.800  0.800  0.800  0.800  0.800  0.800  0.800  0.800
  0.800  0.800  0.800  0.800  0.800  0.800  0.800  0.800  0.800  0.800  0.800  0.800  0.800  0.800  0.800  0.800  0.800  0.800  0.800  0.800  0.800  0.800  0.800  0.800  0.800  0.800  0.800  0.800  0.800  0.800  0.800  0.800  0.800  0.800  0.800  0.800
  0.800  0.800  0.800  0.800  0.800  0.800  0.800  0.800  0.800  0.800  0.800  0.800  0.800  0.800  0.800  0.800  0.800  0.800  0.800  0.800  0.800  0.800  0.800  0.800  0.800  0.800  0.800  0.800  0.800  0.800  0.800  0.800  0.800  0.800  0.800  0.800
  0.800  0.800  0.800  0.800  0.800  0.800  0.800  0.800  0.800  0.800  0.800  0.800  0.800  0.800  0.800  0.800  0.800  0.800  0.800  0.800  0.800  0.800  0.800  0.800  0.800  0.800  0.800  0.800  0.800  0.800  0.800  0.800  0.800  0.800  0.800  0.800
  0.800  0.800  0.800  0.800  0.800  0.800  0.800  0.800  0.800  0.800  0.800  0.800  0.800  0.800  0.800  0.800  0.800  0.800  0.800  0.800  0.800  0.800  0.800  0.800  0.800  0.800  0.800  0.800  0.800  0.800  0.800  0.800  0.800  0.800  0.800  0.800
  0.800  0.800  0.800  0.800  0.800  0.800  0.800  0.800  0.800  0.800  0.800  0.800  0.800  0.800  0.800  0.800  0.800  0.800  0.800  0.800  0.800  0.800  0.800  0.800  0.800  0.800  0.800  0.800  0.800  0.800  0.800  0.800  0.800  0.800  0.800  0.800
  0.800  0.800  0.800  0.800  0.800  0.800  0.800  0.800  0.800  0.800  0.800  0.800  0.800  0.800  0.800  0.800  0.800  0.800  0.800  0.800  0.800  0.800  0.800  0.800  0.800  0.800  0.800  0.800  0.800  0.800  0.800  0.800  0.800  0.800  0.800  0.800
  0.800  0.800  0.800  0.800  0.800  0.800  0.800  0.800  0.800  0.800  0.800  0.800  0.800  0.800  0.800  0.800  0.800  0.800  0.800  0.800  0.800  0.800  0.800  0.800  0.800  0.800  0.800  0.800  0.800  0.800  0.800  0.800  0.800  0.800  0.800  0.800
  0.800  0.800  0.800  0.800  0.800  0.800  0.800  0.800  0.800  0.800  0.800  0.800  0.800  0.800  0.800  0.800  0.800  0.800  0.800  0.800  0.800  0.800  0.800  0.800  0.800  0.800  0.800  0.800  0.800  0.800  0.800  0.800  0.800  0.800  0.800  0.800
  0.967  0.967  0.967  0.967  0.967  0.967  0.967  0.967  0.967  0.967  0.967  0.967  0.967  0.967  0.967  0.967  0.967  0.967  0.967  0.967  0.967  0.967  0.967  0.967  0.967  0.967  0.967  0.967  0.967  0.967  0.967  0.967  0.967  0.967  0.967  0.967
  0.967  0.967  0.967  0.967  0.967  0.967  0.967  0.967  0.967  0.967  0.967  0.967  0.967  0.967  0.967  0.967  0.967  0.967  0.967  0.967  0.967  0.967  0.967  0.967  0.967  0.967  0.967  0.967  0.967  0.967  0.967  0.967  0.967  0.967  0.967  0.967
  0.967  0.967  0.967  0.967  0.967  0.967  0.967  0.967  0.967  0.967  0.967  0.967  0.967  0.967  0.967  0.967  0.967  0.967  0.967  0.967  0.967  0.967  0.967  0.967  0.967  0.967  0.967  0.967  0.967  0.967  0.967  0.967  0.967  0.967  0.967  0.967
  0.967  0.967  0.967  0.967  0.967  0.967  0.967  0.967  0.967  0.967  0.967  0.967  0.967  0.967  0.967  0.967  0.967  0.967  0.967  0.967  0.967  0.967  0.967  0.967  0.967  0.967  0.967  0.967  0.967  0.967  0.967  0.967  0.967  0.967  0.967  0.967
  0.967  0.967  0.967  0.967  0.967  0.967  0.967  0.967  0.967  0.967  0.967  0.967  0.967  0.967  0.967  0.967  0.967  0.967  0.967  0.967  0.967  0.967  0.967  0.967  0.967  0.967  0.967  0.967  0.967  0.967  0.967  0.967  0.967  0.967  0.967  0.967
  0.967  0.967  0.967  0.967  0.967  0.967  0.967  0.967  0.967  0.967  0.967  0.967  0.967  0.967  0.967  0.967  0.967  0.967  0.967  0.967  0.967  0.967  0.967  0.967  0.967  0.967  0.967  0.967  0.967  0.967  0.967  0.967  0.967  0.967  0.967  0.967
  0.967  0.967  0.967  0.967  0.967  0.967  0.967  0.967  0.967  0.967  0.967  0.967  0.967  0.967  0.967  0.967  0.967  0.967  0.967  0.967  0.967  0.967  0.967  0.967  0.967  0.967  0.967  0.967  0.967  0.967  0.967  0.967  0.967  0.967  0.967  0.967
  0.967  0.967  0.967  0.967  0.967  0.967  0.967  0.967  0.967  0.967  0.967  0.967  0.967  0.967  0.967  0.967  0.967  0.967  0.967  0.967  0.967  0.967  0.967  0.967  0.967  0.967  0.967  0.967  0.967  0.967  0.967  0.967  0.967  0.967  0.967  0.967
  0.967  0.967  0.967  0.967  0.967  0.967  0.967  0.967  0.967  0.967  0.967  0.967  0.967  0.967  0.967  0.967  0.967  0.967  0.967  0.967  0.967  0.967  0.967  0.967  0.967  0.967  0.967  0.967  0.967  0.967  0.967  0.967  0.967  0.967  0.967  0.967
  0.967  0.967  0.967  0.967  0.967  0.967  0.967  0.967  0.967  0.967  0.967  0.967  0.967  0.967  0.967  0.967  0.967  0.967  0.967  0.967  0.967  0.967  0.967  0.967  0.967  0.967  0.967  0.967  0.967  0.967  0.967  0.967  0.967  0.967  0.967  0.967
  0.967  0.967  0.967  0.967  0.967  0.967  0.967  0.967  0.967  0.967  0.967  0.967  0.967  0.967  0.967  0.967  0.967  0.967  0.967  0.967  0.967  0.967  0.967  0.967  0.967  0.967  0.967  0.967  0.967  0.967  0.967  0.967  0.967  0.967  0.967  0.967
  0.967  0.967  0.967  0.967  0.967  0.967  0.967  0.967  0.967  0.967  0.967  0.967  0.967  0.967  0.967  0.967  0.967  0.967  0.967  0.967  0.967  0.967  0.967  0.967  0.967  0.967  0.967  0.967  0.967  0.967  0.967  0.967  0.967  0.967  0.967  0.967
  0.967  0.967  0.967  0.967  0.967  0.967  0.967  0.967  0.967  0.967  0.967  0.967  0.967  0.967  0.967  0.967  0.967  0.967  0.967  0.967  0.967  0.967  0.967  0.967  0.967  0.967  0.967  0.967  0.967  0.967  0.967  0.967  0.967  0.967  0.967  0.967
  0.967  0.967  0.967  0.967  0.967  0.967  0.967  0.967  0.967  0.967  0.967  0.967  0.967  0.967  0.967  0.967  0.967  0.967  0.967  0.967  0.967  0.967  0.967  0.967  0.967  0.967  0.967  0.967  0.967  0.967  0.967  0.967  0.967  0.967  0.967  0.967
  0.967  0.967  0.967  0.967  0.967  0.967  0.967  0.967  0.967  0.967  0.967  0.967  0.967  0.967  0.967  0.967  0.967  0.967  0.967  0.967  0.967  0.967  0.967  0.967  0.967  0.967  0.967  0.967  0.967  0.967  0.967  0.967  0.967  0.967  0.967  0.967
  0.967  0.967  0.967  0.967  0.967  0.967  0.967  0.967  0.967  0.967  0.967  0.967  0.967  0.967  0.967  0.967  0.967  0.967  0.967  0.967  0.967  0.967  0.967  0.967  0.967  0.967  0.967  0.967  0.967  0.967  0.967  0.967  0.967  0.967  0.967  0.967
  0.967  0.967  0.967  0.967  0.967  0.967  0.967  0.967  0.967  0.967  0.967  0.967  0.967  0.967  0.967  0.967  0.967  0.967  0.967  0.967  0.967  0.967  0.967  0.967  0.967  0.967  0.967  0.967  0.967  0.967  0.967  0.967  0.967  0.967  0.967  0.967
  0.967  0.967  0.967  0.967  0.967  0.967  0.967  0.967  0.967  0.967  0.967  0.967  0.967  0.967  0.967  0.967  0.967  0.967  0.967  0.967  0.967  0.967  0.967  0.967  0.967  0.967  0.967  0.967  0.967  0.967  0.967  0.967  0.967  0.967  0.967  0.967
  0.967  0.967  0.967  0.967  0.967  0.967  0.967  0.967  0.967  0.967  0.967  0.967  0.967  0.967  0.967  0.967  0.967  0.967  0.967  0.967  0.967  0.967  0.967  0.967  0.967  0.967  0.967  0.967  0.967  0.967  0.967  0.967  0.967  0.967  0.967  0.967
  0.967  0.967  0.967  0.967  0.967  0.967  0.967  0.967  0.967  0.967  0.967  0.967  0.967  0.967  0.967  0.967  0.967  0.967  0.967  0.967  0.967  0.967  0.967  0.967  0.967  0.967  0.967  0.967  0.967  0.967  0.967  0.967  0.967  0.967  0.967  0.967
  0.967  0.967  0.967  0.967  0.967  0.967  0.967  0.967  0.967  0.967  0.967  0.967  0.967  0.967  0.967  0.967  0.967  0.967  0.967  0.967  0.967  0.967  0.967  0.967  0.967  0.967  0.967  0.967  0.967  0.967  0.967  0.967  0.967  0.967  0.967  0.967
  0.967  0.967  0.967  0.967  0.967  0.967  0.967  0.967  0.967  0.967  0.967  0.967  0.967  0.967  0.967  0.967  0.967  0.967  0.967  0.967  0.967  0.967  0.967  0.967  0.967  0.967  0.967  0.967  0.967  0.967  0.967  0.967  0.967  0.967  0.967  0.967
  0.967  0.967  0.967  0.967  0.967  0.967  0.967  0.967  0.967  0.967  0.967  0.967  0.967  0.967  0.967  0.967  0.967  0.967  0.967  0.967  0.967  0.967  0.967  0.967  0.967  0.967  0.967  0.967  0.967  0.967  0.967  0.967  0.967  0.967  0.967  0.967
  0.967  0.967  0.967  0.967  0.967  0.967  0.967  0.967  0.967  0.967  0.967  0.967  0.967  0.967  0.967  0.967  0.967  0.967  0.967  0.967  0.967  0.967  0.967  0.967  0.967  0.967  0.967  0.967  0.967  0.967  0.967  0.967  0.967  0.967  0.967  0.967
  0.967  0.967  0.967  0.967  0.967  0.967  0.967  0.967  0.967  0.967  0.967  0.967  0.967  0.967  0.967  0.967  0.967  0.967  0.967  0.967  0.967  0.967  0.967  0.967  0.967  0.967  0.967  0.967  0.967  0.967  0.967  0.967  0.967  0.967  0.967  0.967
  0.967  0.967  0.967  0.967  0.967  0.967  0.967  0.967  0.967  0.967  0.967  0.967  0.967  0.967  0.967  0.967  0.967  0.967  0.967  0.967  0.967  0.967  0.967  0.967  0.967  0.967  0.967  0.967  0.967  0.967  0.967  0.967  0.967  0.967  0.967  0.967
  0.967  0.967  0.967  0.967  0.967  0.967  0.967  0.967  0.967  0.967  0.967  0.967  0.967  0.967  0.967  0.967  0.967  0.967  0.967  0.967  0.967  0.967  0.967  0.967  0.967  0.967  0.967  0.967  0.967  0.967  0.967  0.967  0.967  0.967  0.967  0.967
  0.967  0.967  0.967  0.967  0.967  0.967  0.967  0.967  0.967  0.967  0.967  0.967  0.967  0.967  0.967  0.967  0.967  0.967  0.967  0.967  0.967  0.967  0.967  0.967  0.967  0.967  0.967  0.967  0.967  0.967  0.967  0.967  0.967  0.967  0.967  0.967
  0.967  0.967  0.967  0.967  0.967  0.967  0.967  0.967  0.967  0.967  0.967  0.967  0.967  0.967  0.967  0.967  0.967  0.967  0.967  0.967  0.967  0.967  0.967  0.967  0.967  0.967  0.967  0.967  0.967  0.967  0.967  0.967  0.967  0.967  0.967  0.967
  0.967  0.967  0.967  0.967  0.967  0.967  0.967  0.967  0.967  0.967  0.967  0.967  0.967  0.967  0.967  0.967  0.967  0.967  0.967  0.967  0.967  0.967  0.967  0.967  0.967  0.967  0.967  0.967  0.967  0.967  0.967  0.967  0.967  0.967  0.967  0.967
  0.967  0.967  0.967  0.967  0.967  0.967  0.967  0.967  0.967  0.967  0.967  0.967  0.967  0.967  0.967  0.967  0.967  0.967  0.967  0.967  0.967  0.967  0.967  0.967  0.967  0.967  0.967  0.967  0.967  0.967  0.967  0.967  0.967  0.967  0.967  0.967
  0.967  0.967  0.967  0.967  0.967  0.967  0.967  0.967  0.967  0.967  0.967  0.967  0.967  0.967  0.967  0.967  0.967  0.967  0.967  0.967  0.967  0.967  0.967  0.967  0.967  0.967  0.967  0.967  0.967  0.967  0.967  0.967  0.967  0.967  0.967  0.967
  0.967  0.967  0.967  0.967  0.967  0.967  0.967  0.967  0.967  0.967  0.967  0.967  0.967  0.967  0.967  0.967  0.967  0.967  0.967  0.967  0.967  0.967  0.967  0.967  0.967  0.967  0.967  0.967  0.967  0.967  0.967  0.967  0.967  0.967  0.967  0.967
  0.967  0.967  0.967  0.967  0.967  0.967  0.967  0.967  0.967  0.967  0.967  0.967  0.967  0.967  0.967  0.967  0.967  0.967  0.967  0.967  0.967  0.967  0.967  0.967  0.967  0.967  0.967  0.967  0.967  0.967  0.967  0.967  0.967  0.967  0.967  0.967
  0.967  0.967  0.967  0.967  0.967  0.967  0.967  0.967  0.967  0.967  0.967  0.967  0.967  0.967  0.967  0.967  0.967  0.967  0.967  0.967  0.967  0.967  0.967  0.967  0.967  0.967  0.967  0.967  0.967  0.967  0.967  0.967  0.967  0.967  0.967  0.967
  0.967  0.967  0.967  0.967  0.967  0.967  0.967  0.967  0.967  0.967  0.967  0.967  0.967  0.967  0.967  0.967  0.967  0.967  0.967  0.967  0.967  0.967  0.967  0.967  0.967  0.967  0.967  0.967  0.967  0.967  0.967  0.967  0.967  0.967  0.967  0.967
  1.133  1.133  1.133  1.133  1.133  1.133  1.133  1.133  1.133  1.133  1.133  1.133  1.133  1.133  1.133  1.133  1.133  1.133  1.133  1.133  1.133  1.133  1.133  1.133  1.133  1.133  1.133  1.133  1.133  1.133  1.133  1.133  1.133  1.133  1.133  1.133
  1.133  1.133  1.133  1.133  1.133  1.133  1.133  1.133  1.133  1.133  1.133  1.133  1.133  1.133  1.133  1.133  1.133  1.133  1.133  1.133  1.133  1.133  1.133  1.133  1.133  1.133  1.133  1.133  1.133  1.133  1.133  1.133  1.133  1.133  1.133  1.133
  1.133  1.133  1.133  1.133  1.133  1.133  1.133  1.133  1.133  1.133  1.133  1.133  1.133  1.133  1.133  1.133  1.133  1.133  1.133  1.133  1.133  1.133  1.133  1.133  1.133  1.133  1.133  1.133  1.133  1.133  1.133  1.133  1.133  1.133  1.133  1.133
  1.133  1.133  1.133  1.133  1.133  1.133  1.133  1.133  1.133  1.133  1.133  1.133  1.133  1.133  1.133  1.133  1.133  1.133  1.133  1.133  1.133  1.133  1.133  1.133  1.133  1.133  1.133  1.133  1.133  1.133  1.133  1.133  1.133  1.133  1.133  1.133
  1.133  1.133  1.133  1.133  1.133  1.133  1.133  1.133  1.133  1.133  1.133  1.133  1.133  1.133  1.133  1.133  1.133  1.133  1.133  1.133  1.133  1.133  1.133  1.133  1.133  1.133  1.133  1.133  1.133  1.133  1.133  1.133  1.133  1.133  1.133  1.133
  1.133  1.133  1.133  1.133  1.133  1.133  1.133  1.133  1.133  1.133  1.133  1.133  1.133  1.133  1.133  1.133  1.133  1.133  1.133  1.133  1.133  1.133  1.133  1.133  1.133  1.133  1.133  1.133  1.133  1.133  1.133  1.133  1.133  1.133  1.133  1.133
  1.133  1.133  1.133  1.133  1.133  1.133  1.133  1.133  1.133  1.133  1.133  1.133  1.133  1.133  1.133  1.133  1.133  1.133  1.133  1.133  1.133  1.133  1.133  1.133  1.133  1.133  1.133  1.133  1.133  1.133  1.133  1.133  1.133  1.133  1.133  1.133
  1.133  1.133  1.133  1.133  1.133  1.133  1.133  1.133  1.133  1.133  1.133  1.133  1.133  1.133  1.133  1.133  1.133  1.133  1.133  1.133  1.133  1.133  1.133  1.133  1.133  1.133  1.133  1.133  1.133  1.133  1.133  1.133  1.133  1.133  1.133  1.133
  1.133  1.133  1.133  1.133  1.133  1.133  1.133  1.133  1.133  1.133  1.133  1.133  1.133  1.133  1.133  1.133  1.133  1.133  1.133  1.133  1.133  1.133  1.133  1.133  1.133  1.133  1.133  1.133  1.133  1.133  1.133  1.133  1.133  1.133  1.133  1.133
  1.133  1.133  1.133  1.133  1.133  1.133  1.133  1.133  1.133  1.133  1.133  1.133  1.133  1.133  1.133  1.133  1.133  1.133  1.133  1.133  1.133  1.133  1.133  1.133  1.133  1.133  1.133  1.133  1.133  1.133  1.133  1.133  1.133  1.133  1.133  1.133
  1.133  1.133  1.133  1.133  1.133  1.133  1.133  1.133  1.133  1.133  1.133  1.133  1.133  1.133  1.133  1.133  1.133  1.133  1.133  1.133  1.133  1.133  1.133  1.133  1.133  1.133  1.133  1.133  1.133  1.133  1.133  1.133  1.133  1.133  1.133  1.133
  1.133  1.133  1.133  1.133  1.133  1.133  1.133  1.133  1.133  1.133  1.133  1.133  1.133  1.133  1.133  1.133  1.133  1.133  1.133  1.133  1.133  1.133  1.133  1.133  1.133  1.133  1.133  1.133  1.133  1.133  1.133  1.133  1.133  1.133  1.133  1.133
  1.133  1.133  1.133  1.133  1.133  1.133  1.133  1.133  1.133  1.133  1.133  1.133  1.133  1.133  1.133  1.133  1.133  1.133  1.133  1.133  1.133  1.133  1.133  1.133  1.133  1.133  1.133  1.133  1.133  1.133  1.133  1.133  1.133  1.133  1.133  1.133
  1.133  1.133  1.133  1.133  1.133  1.133  1.133  1.133  1.133  1.133  1.133  1.133  1.133  1.133  1.133  1.133  1.133  1.133  1.133  1.133  1.133  1.133  1.133  1.133  1.133  1.133  1.133  1.133  1.133  1.133  1.133  1.133  1.133  1.133  1.133  1.133
  1.133  1.133  1.133  1.133  1.133  1.133  1.133  1.133  1.133  1.133  1.133  1.133  1.133  1.133  1.133  1.133  1.133  1.133  1.133  1.133  1.133  1.133  1.133  1.133  1.133  1.133  1.133  1.133  1.133  1.133  1.133  1.133  1.133  1.133  1.133  1.133
  1.133  1.133  1.133  1.133  1.133  1.133  1.133  1.133  1.133  1.133  1.133  1.133  1.133  1.133  1.133  1.133  1.133  1.133  1.133  1.133  1.133  1.133  1.133  1.133  1.133  1.133  1.133  1.133  1.133  1.133  1.133  1.133  1.133  1.133  1.133  1.133
  1.133  1.133  1.133  1.133  1.133  1.133  1.133  1.133  1.133  1.133  1.133  1.133  1.133  1.133  1.133  1.133  1.133  1.133  1.133  1.133  1.133  1.133  1.133  1.133  1.133  1.133  1.133  1.133  1.133  1.133  1.133  1.133  1.133  1.133  1.133  1.133
  1.133  1.133  1.133  1.133  1.133  1.133  1.133  1.133  1.133  1.133  1.133  1.133  1.133  1.133  1.133  1.133  1.133  1.133  1.133  1.133  1.133  1.133  1.133  1.133  1.133  1.133  1.133  1.133  1.133  1.133  1.133  1.133  1.133  1.133  1.133  1.133
  1.133  1.133  1.133  1.133  1.133  1.133  1.133  1.133  1.133  1.133  1.133  1.133  1.133  1.133  1.133  1.133  1.133  1.133  1.133  1.133  1.133  1.133  1.133  1.133  1.133  1.133  1.133  1.133  1.133  1.133  1.133  1.133  1.133  1.133  1.133  1.133
  1.133  1.133  1.133  1.133  1.133  1.133  1.133  1.133  1.133  1.133  1.133  1.133  1.133  1.133  1.133  1.133  1.133  1.133  1.133  1.133  1.133  1.133  1.133  1.133  1.133  1.133  1.133  1.133  1.133  1.133  1.133  1.133  1.133  1.133  1.133  1.133
  1.133  1.133  1.133  1.133  1.133  1.133  1.133  1.133  1.133  1.133  1.133  1.133  1.133  1.133  1.133  1.133  1.133  1.133  1.133  1.133  1.133  1.133  1.133  1.133  1.133  1.133  1.133  1.133  1.133  1.133  1.133  1.133  1.133  1.133  1.133  1.133
  1.133  1.133  1.133  1.133  1.133  1.133  1.133  1.133  1.133  1.133  1.133  1.133  1.133  1.133  1.133  1.133  1.133  1.133  1.133  1.133  1.133  1.133  1.133  1.133  1.133  1.133  1.133  1.133  1.133  1.133  1.133  1.133  1.133  1.133  1.133  1.133
  1.133  1.133  1.133  1.133  1.133  1.133  1.133  1.133  1.133  1.133  1.133  1.133  1.133  1.133  1.133  1.133  1.133  1.133  1.133  1.133  1.133  1.133  1.133  1.133  1.133  1.133  1.133  1.133  1.133  1.133  1.133  1.133  1.133  1.133  1.133  1.133
  1.133  1.133  1.133  1.133  1.133  1.133  1.133  1.133  1.133  1.133  1.133  1.133  1.133  1.133  1.133  1.133  1.133  1.133  1.133  1.133  1.133  1.133  1.133  1.133  1.133  1.133  1.133  1.133  1.133  1.133  1.133  1.133  1.133  1.133  1.133  1.133
  1.133  1.133  1.133  1.133  1.133  1.133  1.133  1.133  1.133  1.133  1.133  1.133  1.133  1.133  1.133  1.133  1.133  1.133  1.133  1.133  1.133  1.133  1.133  1.133  1.133  1.133  1.133  1.133  1.133  1.133  1.133  1.133  1.133  1.133  1.133  1.133
  1.133  1.133  1.133  1.133  1.133  1.133  1.133  1.133  1.133  1.133  1.133  1.133  1.133  1.133  1.133  1.133  1.133  1.133  1.133  1.133  1.133  1.133  1.133  1.133  1.133  1.133  1.133  1.133  1.133  1.133  1.133  1.133  1.133  1.133  1.133  1.133
  1.133  1.133  1.133  1.133  1.133  1.133  1.133  1.133  1.133  1.133  1.133  1.133  1.133  1.133  1.133  1.133  1.133  1.133  1.133  1.133  1.133  1.133  1.133  1.133  1.133  1.133  1.133  1.133  1.133  1.133  1.133  1.133  1.133  1.133  1.133  1.133
  1.133  1.133  1.133  1.133  1.133  1.133  1.133  1.133  1.133  1.133  1.133  1.133  1.133  1.133  1.133  1.133  1.133  1.133  1.133  1.133  1.133  1.133  1.133  1.133  1.133  1.133  1.133  1.133  1.133  1.133  1.133  1.133  1.133  1.133  1.133  1.133
  1.133  1.133  1.133  1.133  1.133  1.133  1.133  1.133  1.133  1.133  1.133  1.133  1.133  1.133  1.133  1.133  1.133  1.133  1.133  1.133  1.133  1.133  1.133  1.133  1.133  1.133  1.133  1.133  1.133  1.133  1.133  1.133  1.133  1.133  1.133  1.133
  1.133  1.133  1.133  1.133  1.133  1.133  1.133  1.133  1.133  1.133  1.133  1.133  1.133  1.133  1.133  1.133  1.133  1.133  1.133  1.133  1.133  1.133  1.133  1.133  1.133  1.133  1.133  1.133  1.133  1.133  1.133  1.133  1.133  1.133  1.133  1.133
  1.133  1.133  1.133  1.133  1.133  1.133  1.133  1.133  1.133  1.133  1.133  1.133  1.133  1.133  1.133  1.133  1.133  1.133  1.133  1.133  1.133  1.133  1.133  1.133  1.133  1.133  1.133  1.133  1.133  1.133  1.133  1.133  1.133  1.133  1.133  1.133
  1.133  1.133  1.133  1.133  1.133  1.133  1.133  1.133  1.133  1.133  1.133  1.133  1.133  1.133  1.133  1.133  1.133  1.133  1.133  1.133  1.133  1.133  1.133  1.133  1.133  1.133  1.133  1.133  1.133  1.133  1.133  1.133  1.133  1.133  1.133  1.133
  1.133  1.133  1.133  1.133  1.133  1.133  1.133  1.133  1.133  1.133  1.133  1.133  1.133  1.133  1.133  1.133  1.133  1.133  1.133  1.133  1.133  1.133  1.133  1.133  1.133  1.133  1.133  1.133  1.133  1.133  1.133  1.133  1.133  1.133  1.133  1.133
  1.133  1.133  1.133  1.133  1.133  1.133  1.133  1.133  1.133  1.133  1.133  1.133  1.133  1.133  1.133  1.133  1.133  1.133  1.133  1.133  1.133  1.133  1.133  1.133  1.133  1.133  1.133  1.133  1.133  1.133  1.133  1.133  1.133  1.133  1.133  1.133
  1.133  1.133  1.133  1.133  1.133  1.133  1.133  1.133  1.133  1.133  1.133  1.133  1.133  1.133  1.133  1.133  1.133  1.133  1.133  1.133  1.133  1.133  1.133  1.133  1.133  1.133  1.133  1.133  1.133  1.133  1.133  1.133  1.133  1.133  1.133  1.133
  1.133  1.133  1.133  1.133  1.133  1.133  1.133  1.133  1.133  1.133  1.133  1.133  1.133  1.133  1.133  1.133  1.133  1.133  1.133  1.133  1.133  1.133  1.133  1.133  1.133  1.133  1.133  1.133  1.133  1.133  1.133  1.133  1.133  1.133  1.133  1.133
  1.300  1.300  1.300  1.300  1.300  1.300  1.300  1.300  1.300  1.300  1.300  1.300  1.300  1.300  1.300  1.300  1.300  1.300  1.300  1.300  1.300  1.300  1.300  1.300  1.300  1.300  1.300  1.300  1.300  1.300  1.300  1.300  1.300  1.300  1.300  1.300
  1.300  1.300  1.300  1.300  1.300  1.300  1.300  1.300  1.300  1.300  1.300  1.300  1.300  1.300  1.300  1.300  1.300  1.300  1.300  1.300  1.300  1.300  1.300  1.300  1.300  1.300  1.300  1.300  1.300  1.300  1.300  1.300  1.300  1.300  1.300  1.300
  1.300  1.300  1.300  1.300  1.300  1.300  1.300  1.300  1.300  1.300  1.300  1.300  1.300  1.300  1.300  1.300  1.300  1.300  1.300  1.300  1.300  1.300  1.300  1.300  1.300  1.300  1.300  1.300  1.300  1.300  1.300  1.300  1.300  1.300  1.300  1.300
  1.300  1.300  1.300  1.300  1.300  1.300  1.300  1.300  1.300  1.300  1.300  1.300  1.300  1.300  1.300  1.300  1.300  1.300  1.300  1.300  1.300  1.300  1.300  1.300  1.300  1.300  1.300  1.300  1.300  1.300  1.300  1.300  1.300  1.300  1.300  1.300
  1.300  1.300  1.300  1.300  1.300  1.300  1.300  1.300  1.300  1.300  1.300  1.300  1.300  1.300  1.300  1.300  1.300  1.300  1.300  1.300  1.300  1.300  1.300  1.300  1.300  1.300  1.300  1.300  1.300  1.300  1.300  1.300  1.300  1.300  1.300  1.300
  1.300  1.300  1.300  1.300  1.300  1.300  1.300  1.300  1.300  1.300  1.300  1.300  1.300  1.300  1.300  1.300  1.300  1.300  1.300  1.300  1.300  1.300  1.300  1.300  1.300  1.300  1.300  1.300  1.300  1.300  1.300  1.300  1.300  1.300  1.300  1.300
  1.300  1.300  1.300  1.300  1.300  1.300  1.300  1.300  1.300  1.300  1.300  1.300  1.300  1.300  1.300  1.300  1.300  1.300  1.300  1.300  1.300  1.300  1.300  1.300  1.300  1.300  1.300  1.300  1.300  1.300  1.300  1.300  1.300  1.300  1.300  1.300
  1.300  1.300  1.300  1.300  1.300  1.300  1.300  1.300  1.300  1.300  1.300  1.300  1.300  1.300  1.300  1.300  1.300  1.300  1.300  1.300  1.300  1.300  1.300  1.300  1.300  1.300  1.300  1.300  1.300  1.300  1.300  1.300  1.300  1.300  1.300  1.300
  1.300  1.300  1.300  1.300  1.300  1.300  1.300  1.300  1.300  1.300  1.300  1.300  1.300  1.300  1.300  1.300  1.300  1.300  1.300  1.300  1.300  1.300  1.300  1.300  1.300  1.300  1.300  1.300  1.300  1.300  1.300  1.300  1.300  1.300  1.300  1.300
  1.300  1.300  1.300  1.300  1.300  1.300  1.300  1.300  1.300  1.300  1.300  1.300  1.300  1.300  1.300  1.300  1.300  1.300  1.300  1.300  1.300  1.300  1.300  1.300  1.300  1.300  1.300  1.300  1.300  1.300  1.300  1.300  1.300  1.300  1.300  1.300
  1.300  1.300  1.300  1.300  1.300  1.300  1.300  1.300  1.300  1.300  1.300  1.300  1.300  1.300  1.300  1.300  1.300  1.300  1.300  1.300  1.300  1.300  1.300  1.300  1.300  1.300  1.300  1.300  1.300  1.300  1.300  1.300  1.300  1.300  1.300  1.300
  1.300  1.300  1.300  1.300  1.300  1.300  1.300  1.300  1.300  1.300  1.300  1.300  1.300  1.300  1.300  1.300  1.300  1.300  1.300  1.300  1.300  1.300  1.300  1.300  1.300  1.300  1.300  1.300  1.300  1.300  1.300  1.300  1.300  1.300  1.300  1.300
  1.300  1.300  1.300  1.300  1.300  1.300  1.300  1.300  1.300  1.300  1.300  1.300  1.300  1.300  1.300  1.300  1.300  1.300  1.300  1.300  1.300  1.300  1.300  1.300  1.300  1.300  1.300  1.300  1.300  1.300  1.300  1.300  1.300  1.300  1.300  1.300
  1.300  1.300  1.300  1.300  1.300  1.300  1.300  1.300  1.300  1.300  1.300  1.300  1.300  1.300  1.300  1.300  1.300  1.300  1.300  1.300  1.300  1.300  1.300  1.300  1.300  1.300  1.300  1.300  1.300  1.300  1.300  1.300  1.300  1.300  1.300  1.300
  1.300  1.300  1.300  1.300  1.300  1.300  1.300  1.300  1.300  1.300  1.300  1.300  1.300  1.300  1.300  1.300  1.300  1.300  1.300  1.300  1.300  1.300  1.300  1.300  1.300  1.300  1.300  1.300  1.300  1.300  1.300  1.300  1.300  1.300  1.300  1.300
  1.300  1.300  1.300  1.300  1.300  1.300  1.300  1.300  1.300  1.300  1.300  1.300  1.300  1.300  1.300  1.300  1.300  1.300  1.300  1.300  1.300  1.300  1.300  1.300  1.300  1.300  1.300  1.300  1.300  1.300  1.300  1.300  1.300  1.300  1.300  1.300
  1.300  1.300  1.300  1.300  1.300  1.300  1.300  1.300  1.300  1.300  1.300  1.300  1.300  1.300  1.300  1.300  1.300  1.300  1.300  1.300  1.300  1.300  1.300  1.300  1.300  1.300  1.300  1.300  1.300  1.300  1.300  1.300  1.300  1.300  1.300  1.300
  1.300  1.300  1.300  1.300  1.300  1.300  1.300  1.300  1.300  1.300  1.300  1.300  1.300  1.300  1.300  1.300  1.300  1.300  1.300  1.300  1.300  1.300  1.300  1.300  1.300  1.300  1.300  1.300  1.300  1.300  1.300  1.300  1.300  1.300  1.300  1.300
  1.300  1.300  1.300  1.300  1.300  1.300  1.300  1.300  1.300  1.300  1.300  1.300  1.300  1.300  1.300  1.300  1.300  1.300  1.300  1.300  1.300  1.300  1.300  1.300  1.300  1.300  1.300  1.300  1.300  1.300  1.300  1.300  1.300  1.300  1.300  1.300
  1.300  1.300  1.300  1.300  1.300  1.300  1.300  1.300  1.300  1.300  1.300  1.300  1.300  1.300  1.300  1.300  1.300  1.300  1.300  1.300  1.300  1.300  1.300  1.300  1.300  1.300  1.300  1.300  1.300  1.300  1.300  1.300  1.300  1.300  1.300  1.300
  1.300  1.300  1.300  1.300  1.300  1.300  1.300  1.300  1.300  1.300  1.300  1.300  1.300  1.300  1.300  1.300  1.300  1.300  1.300  1.300  1.300  1.300  1.300  1.300  1.300  1.300  1.300  1.300  1.300  1.300  1.300  1.300  1.300  1.300  1.300  1.300
  1.300  1.300  1.300  1.300  1.300  1.300  1.300  1.300  1.300  1.300  1.300  1.300  1.300  1.300  1.300  1.300  1.300  1.300  1.300  1.300  1.300  1.300  1.300  1.300  1.300  1.300  1.300  1.300  1.300  1.300  1.300  1.300  1.300  1.300  1.300  1.300
  1.300  1.300  1.300  1.300  1.300  1.300  1.300  1.300  1.300  1.300  1.300  1.300  1.300  1.300  1.300  1.300  1.300  1.300  1.300  1.300  1.300  1.300  1.300  1.300  1.300  1.300  1.300  1.300  1.300  1.300  1.300  1.300  1.300  1.300  1.300  1.300
  1.300  1.300  1.300  1.300  1.300  1.300  1.300  1.300  1.300  1.300  1.300  1.300  1.300  1.300  1.300  1.300  1.300  1.300  1.300  1.300  1.300  1.300  1.300  1.300  1.300  1.300  1.300  1.300  1.300  1.300  1.300  1.300  1.300  1.300  1.300  1.300
  1.300  1.300  1.300  1.300  1.300  1.300  1.300  1.300  1.300  1.300  1.300  1.300  1.300  1.300  1.300  1.300  1.300  1.300  1.300  1.300  1.300  1.300  1.300  1.300  1.300  1.300  1.300  1.300  1.300  1.300  1.300  1.300  1.300  1.300  1.300  1.300
  1.300  1.300  1.300  1.300  1.300  1.300  1.300  1.300  1.300  1.300  1.300  1.300  1.300  1.300  1.300  1.300  1.300  1.300  1.300  1.300  1.300  1.300  1.300  1.300  1.300  1.300  1.300  1.300  1.300  1.300  1.300  1.300  1.300  1.300  1.300  1.300
  1.300  1.300  1.300  1.300  1.300  1.300  1.300  1.300  1.300  1.300  1.300  1.300  1.300  1.300  1.300  1.300  1.300  1.300  1.300  1.300  1.300  1.300  1.300  1.300  1.300  1.300  1.300  1.300  1.300  1.300  1.300  1.300  1.300  1.300  1.300  1.300
  1.300  1.300  1.300  1.300  1.300  1.300  1.300  1.300  1.300  1.300  1.300  1.300  1.300  1.300  1.300  1.300  1.300  1.300  1.300  1.300  1.300  1.300  1.300  1.300  1.300  1.300  1.300  1.300  1.300  1.300  1.300  1.300  1.300  1.300  1.300  1.300
  1.300  1.300  1.300  1.300  1.300  1.300  1.300  1.300  1.300  1.300  1.300  1.300  1.300  1.300  1.300  1.300  1.300  1.300  1.300  1.300  1.300  1.300  1.300  1.300  1.300  1.300  1.300  1.300  1.300  1.300  1.300  1.300  1.300  1.300  1.300  1.300
  1.300  1.300  1.300  1.300  1.300  1.300  1.300  1.300  1.300  1.300  1.300  1.300  1.300  1.300  1.300  1.300  1.300  1.300  1.300  1.300  1.300  1.300  1.300  1.300  1.300  1.300  1.300  1.300  1.300  1.300  1.300  1.300  1.300  1.300  1.300  1.300
  1.300  1.300  1.300  1.300  1.300  1.300  1.300  1.300  1.300  1.300  1.300  1.300  1.300  1.300  1.300  1.300  1.300  1.300  1.300  1.300  1.300  1.300  1.300  1.300  1.300  1.300  1.300  1.300  1.300  1.300  1.300  1.300  1.300  1.300  1.300  1.300
  1.300  1.300  1.300  1.300  1.300  1.300  1.300  1.300  1.300  1.300  1.300  1.300  1.300  1.300  1.300  1.300  1.300  1.300  1.300  1.300  1.300  1.300  1.300  1.300  1.300  1.300  1.300  1.300  1.300  1.300  1.300  1.300  1.300  1.300  1.300  1.300
  1.300  1.300  1.300  1.300  1.300  1.300  1.300  1.300  1.300  1.300  1.300  1.300  1.300  1.300  1.300  1.300  1.300  1.300  1.300  1.300  1.300  1.300  1.300  1.300  1.300  1.300  1.300  1.300  1.300  1.300  1.300  1.300  1.300  1.300  1.300  1.300
  1.300  1.300  1.300  1.300  1.300  1.300  1.300  1.300  1.300  1.300  1.300  1.300  1.300  1.300  1.300  1.300  1.300  1.300  1.300  1.300  1.300  1.300  1.300  1.300  1.300  1.300  1.300  1.300  1.300  1.300  1.300  1.300  1.300  1.300  1.300  1.300
  1.300  1.300  1.300  1.300  1.300  1.300  1.300  1.300  1.300  1.300  1.300  1.300  1.300  1.300  1.300  1.300  1.300  1.300  1.300  1.300  1.300  1.300  1.300  1.300  1.300  1.300  1.300  1.300  1.300  1.300  1.300  1.300  1.300  1.300  1.300  1.300
  1.300  1.300  1.300  1.300  1.300  1.300  1.300  1.300  1.300  1.300  1.300  1.300  1.300  1.300  1.300  1.300  1.300  1.300  1.300  1.300  1.300  1.300  1.300  1.300  1.300  1.300  1.300  1.300  1.300  1.300  1.300  1.300  1.300  1.300  1.300  1.300
  1.467  1.467  1.467  1.467  1.467  1.467  1.467  1.467  1.467  1.467  1.467  1.467  1.467  1.467  1.467  1.467  1.467  1.467  1.467  1.467  1.467  1.467  1.467  1.467  1.467  1.467  1.467  1.467  1.467  1.467  1.467  1.467  1.467  1.467  1.467  1.467
  1.467  1.467  1.467  1.467  1.467  1.467  1.467  1.467  1.467  1.467  1.467  1.467  1.467  1.467  1.467  1.467  1.467  1.467  1.467  1.467  1.467  1.467  1.467  1.467  1.467  1.467  1.467  1.467  1.467  1.467  1.467  1.467  1.467  1.467  1.467  1.467
  1.467  1.467  1.467  1.467  1.467  1.467  1.467  1.467  1.467  1.467  1.467  1.467  1.467  1.467  1.467  1.467  1.467  1.467  1.467  1.467  1.467  1.467  1.467  1.467  1.467  1.467  1.467  1.467  1.467  1.467  1.467  1.467  1.467  1.467  1.467  1.467
  1.467  1.467  1.467  1.467  1.467  1.467  1.467  1.467  1.467  1.467  1.467  1.467  1.467  1.467  1.467  1.467  1.467  1.467  1.467  1.467  1.467  1.467  1.467  1.467  1.467  1.467  1.467  1.467  1.467  1.467  1.467  1.467  1.467  1.467  1.467  1.467
  1.467  1.467  1.467  1.467  1.467  1.467  1.467  1.467  1.467  1.467  1.467  1.467  1.467  1.467  1.467  1.467  1.467  1.467  1.467  1.467  1.467  1.467  1.467  1.467  1.467  1.467  1.467  1.467  1.467  1.467  1.467  1.467  1.467  1.467  1.467  1.467
  1.467  1.467  1.467  1.467  1.467  1.467  1.467  1.467  1.467  1.467  1.467  1.467  1.467  1.467  1.467  1.467  1.467  1.467  1.467  1.467  1.467  1.467  1.467  1.467  1.467  1.467  1.467  1.467  1.467  1.467  1.467  1.467  1.467  1.467  1.467  1.467
  1.467  1.467  1.467  1.467  1.467  1.467  1.467  1.467  1.467  1.467  1.467  1.467  1.467  1.467  1.467  1.467  1.467  1.467  1.467  1.467  1.467  1.467  1.467  1.467  1.467  1.467  1.467  1.467  1.467  1.467  1.467  1.467  1.467  1.467  1.467  1.467
  1.467  1.467  1.467  1.467  1.467  1.467  1.467  1.467  1.467  1.467  1.467  1.467  1.467  1.467  1.467  1.467  1.467  1.467  1.467  1.467  1.467  1.467  1.467  1.467  1.467  1.467  1.467  1.467  1.467  1.467  1.467  1.467  1.467  1.467  1.467  1.467
  1.467  1.467  1.467  1.467  1.467  1.467  1.467  1.467  1.467  1.467  1.467  1.467  1.467  1.467  1.467  1.467  1.467  1.467  1.467  1.467  1.467  1.467  1.467  1.467  1.467  1.467  1.467  1.467  1.467  1.467  1.467  1.467  1.467  1.467  1.467  1.467
  1.467  1.467  1.467  1.467  1.467  1.467  1.467  1.467  1.467  1.467  1.467  1.467  1.467  1.467  1.467  1.467  1.467  1.467  1.467  1.467  1.467  1.467  1.467  1.467  1.467  1.467  1.467  1.467  1.467  1.467  1.467  1.467  1.467  1.467  1.467  1.467
  1.467  1.467  1.467  1.467  1.467  1.467  1.467  1.467  1.467  1.467  1.467  1.467  1.467  1.467  1.467  1.467  1.467  1.467  1.467  1.467  1.467  1.467  1.467  1.467  1.467  1.467  1.467  1.467  1.467  1.467  1.467  1.467  1.467  1.467  1.467  1.467
  1.467  1.467  1.467  1.467  1.467  1.467  1.467  1.467  1.467  1.467  1.467  1.467  1.467  1.467  1.467  1.467  1.467  1.467  1.467  1.467  1.467  1.467  1.467  1.467  1.467  1.467  1.467  1.467  1.467  1.467  1.467  1.467  1.467  1.467  1.467  1.467
  1.467  1.467  1.467  1.467  1.467  1.467  1.467  1.467  1.467  1.467  1.467  1.467  1.467  1.467  1.467  1.467  1.467  1.467  1.467  1.467  1.467  1.467  1.467  1.467  1.467  1.467  1.467  1.467  1.467  1.467  1.467  1.467  1.467  1.467  1.467  1.467
  1.467  1.467  1.467  1.467  1.467  1.467  1.467  1.467  1.467  1.467  1.467  1.467  1.467  1.467  1.467  1.467  1.467  1.467  1.467  1.467  1.467  1.467  1.467  1.467  1.467  1.467  1.467  1.467  1.467  1.467  1.467  1.467  1.467  1.467  1.467  1.467
  1.467  1.467  1.467  1.467  1.467  1.467  1.467  1.467  1.467  1.467  1.467  1.467  1.467  1.467  1.467  1.467  1.467  1.467  1.467  1.467  1.467  1.467  1.467  1.467  1.467  1.467  1.467  1.467  1.467  1.467  1.467  1.467  1.467  1.467  1.467  1.467
  1.467  1.467  1.467  1.467  1.467  1.467  1.467  1.467  1.467  1.467  1.467  1.467  1.467  1.467  1.467  1.467  1.467  1.467  1.467  1.467  1.467  1.467  1.467  1.467  1.467  1.467  1.467  1.467  1.467  1.467  1.467  1.467  1.467  1.467  1.467  1.467
  1.467  1.467  1.467  1.467  1.467  1.467  1.467  1.467  1.467  1.467  1.467  1.467  1.467  1.467  1.467  1.467  1.467  1.467  1.467  1.467  1.467  1.467  1.467  1.467  1.467  1.467  1.467  1.467  1.467  1.467  1.467  1.467  1.467  1.467  1.467  1.467
  1.467  1.467  1.467  1.467  1.467  1.467  1.467  1.467  1.467  1.467  1.467  1.467  1.467  1.467  1.467  1.467  1.467  1.467  1.467  1.467  1.467  1.467  1.467  1.467  1.467  1.467  1.467  1.467  1.467  1.467  1.467  1.467  1.467  1.467  1.467  1.467
  1.467  1.467  1.467  1.467  1.467  1.467  1.467  1.467  1.467  1.467  1.467  1.467  1.467  1.467  1.467  1.467  1.467  1.467  1.467  1.467  1.467  1.467  1.467  1.467  1.467  1.467  1.467  1.467  1.467  1.467  1.467  1.467  1.467  1.467  1.467  1.467
  1.467  1.467  1.467  1.467  1.467  1.467  1.467  1.467  1.467  1.467  1.467  1.467  1.467  1.467  1.467  1.467  1.467  1.467  1.467  1.467  1.467  1.467  1.467  1.467  1.467  1.467  1.467  1.467  1.467  1.467  1.467  1.467  1.467  1.467  1.467  1.467
  1.467  1.467  1.467  1.467  1.467  1.467  1.467  1.467  1.467  1.467  1.467  1.467  1.467  1.467  1.467  1.467  1.467  1.467  1.467  1.467  1.467  1.467  1.467  1.467  1.467  1.467  1.467  1.467  1.467  1.467  1.467  1.467  1.467  1.467  1.467  1.467
  1.467  1.467  1.467  1.467  1.467  1.467  1.467  1.467  1.467  1.467  1.467  1.467  1.467  1.467  1.467  1.467  1.467  1.467  1.467  1.467  1.467  1.467  1.467  1.467  1.467  1.467  1.467  1.467  1.467  1.467  1.467  1.467  1.467  1.467  1.467  1.467
  1.467  1.467  1.467  1.467  1.467  1.467  1.467  1.467  1.467  1.467  1.467  1.467  1.467  1.467  1.467  1.467  1.467  1.467  1.467  1.467  1.467  1.467  1.467  1.467  1.467  1.467  1.467  1.467  1.467  1.467  1.467  1.467  1.467  1.467  1.467  1.467
  1.467  1.467  1.467  1.467  1.467  1.467  1.467  1.467  1.467  1.467  1.467  1.467  1.467  1.467  1.467  1.467  1.467  1.467  1.467  1.467  1.467  1.467  1.467  1.467  1.467  1.467  1.467  1.467  1.467  1.467  1.467  1.467  1.467  1.467  1.467  1.467
  1.467  1.467  1.467  1.467  1.467  1.467  1.467  1.467  1.467  1.467  1.467  1.467  1.467  1.467  1.467  1.467  1.467  1.467  1.467  1.467  1.467  1.467  1.467  1.467  1.467  1.467  1.467  1.467  1.467  1.467  1.467  1.467  1.467  1.467  1.467  1.467
  1.467  1.467  1.467  1.467  1.467  1.467  1.467  1.467  1.467  1.467  1.467  1.467  1.467  1.467  1.467  1.467  1.467  1.467  1.467  1.467  1.467  1.467  1.467  1.467  1.467  1.467  1.467  1.467  1.467  1.467  1.467  1.467  1.467  1.467  1.467  1.467
  1.467  1.467  1.467  1.467  1.467  1.467  1.467  1.467  1.467  1.467  1.467  1.467  1.467  1.467  1.467  1.467  1.467  1.467  1.467  1.467  1.467  1.467  1.467  1.467  1.467  1.467  1.467  1.467  1.467  1.467  1.467  1.467  1.467  1.467  1.467  1.467
  1.467  1.467  1.467  1.467  1.467  1.467  1.467  1.467  1.467  1.467  1.467  1.467  1.467  1.467  1.467  1.467  1.467  1.467  1.467  1.467  1.467  1.467  1.467  1.467  1.467  1.467  1.467  1.467  1.467  1.467  1.467  1.467  1.467  1.467  1.467  1.467
  1.467  1.467  1.467  1.467  1.467  1.467  1.467  1.467  1.467  1.467  1.467  1.467  1.467  1.467  1.467  1.467  1.467  1.467  1.467  1.467  1.467  1.467  1.467  1.467  1.467  1.467  1.467  1.467  1.467  1.467  1.467  1.467  1.467  1.467  1.467  1.467
  1.467  1.467  1.467  1.467  1.467  1.467  1.467  1.467  1.467  1.467  1.467  1.467  1.467  1.467  1.467  1.467  1.467  1.467  1.467  1.467  1.467  1.467  1.467  1.467  1.467  1.467  1.467  1.467  1.467  1.467  1.467  1.467  1.467  1.467  1.467  1.467
  1.467  1.467  1.467  1.467  1.467  1.467  1.467  1.467  1.467  1.467  1.467  1.467  1.467  1.467  1.467  1.467  1.467  1.467  1.467  1.467  1.467  1.467  1.467  1.467  1.467  1.467  1.467  1.467  1.467  1.467  1.467  1.467  1.467  1.467  1.467  1.467
  1.467  1.467  1.467  1.467  1.467  1.467  1.467  1.467  1.467  1.467  1.467  1.467  1.467  1.467  1.467  1.467  1.467  1.467  1.467  1.467  1.467  1.467  1.467  1.467  1.467  1.467  1.467  1.467  1.467  1.467  1.467  1.467  1.467  1.467  1.467  1.467
  1.467  1.467  1.467  1.467  1.467  1.467  1.467  1.467  1.467  1.467  1.467  1.467  1.467  1.467  1.467  1.467  1.467  1.467  1.467  1.467  1.467  1.467  1.467  1.467  1.467  1.467  1.467  1.467  1.467  1.467  1.467  1.467  1.467  1.467  1.467  1.467
  1.467  1.467  1.467  1.467  1.467  1.467  1.467  1.467  1.467  1.467  1.467  1.467  1.467  1.467  1.467  1.467  1.467  1.467  1.467  1.467  1.467  1.467  1.467  1.467  1.467  1.467  1.467  1.467  1.467  1.467  1.467  1.467  1.467  1.467  1.467  1.467
  1.467  1.467  1.467  1.467  1.467  1.467  1.467  1.467  1.467  1.467  1.467  1.467  1.467  1.467  1.467  1.467  1.467  1.467  1.467  1.467  1.467  1.467  1.467  1.467  1.467  1.467  1.467  1.467  1.467  1.467  1.467  1.467  1.467  1.467  1.467  1.467
  1.467  1.467  1.467  1.467  1.467  1.467  1.467  1.467  1.467  1.467  1.467  1.467  1.467  1.467  1.467  1.467  1.467  1.467  1.467  1.467  1.467  1.467  1.467  1.467  1.467  1.467  1.467  1.467  1.467  1.467  1.467  1.467  1.467  1.467  1.467  1.467
  1.633  1.633  1.633  1.633  1.633  1.633  1.633  1.633  1.633  1.633  1.633  1.633  1.633  1.633  1.633  1.633  1.633  1.633  1.633  1.633  1.633  1.633  1.633  1.633  1.633  1.633  1.633  1.633  1.633  1.633  1.633  1.633  1.633  1.633  1.633  1.633
  1.633  1.633  1.633  1.633  1.633  1.633  1.633  1.633  1.633  1.633  1.633  1.633  1.633  1.633  1.633  1.633  1.633  1.633  1.633  1.633  1.633  1.633  1.633  1.633  1.633  1.633  1.633  1.633  1.633  1.633  1.633  1.633  1.633  1.633  1.633  1.633
  1.633  1.633  1.633  1.633  1.633  1.633  1.633  1.633  1.633  1.633  1.633  1.633  1.633  1.633  1.633  1.633  1.633  1.633  1.633  1.633  1.633  1.633  1.633  1.633  1.633  1.633  1.633  1.633  1.633  1.633  1.633  1.633  1.633  1.633  1.633  1.633
  1.633  1.633  1.633  1.633  1.633  1.633  1.633  1.633  1.633  1.633  1.633  1.633  1.633  1.633  1.633  1.633  1.633  1.633  1.633  1.633  1.633  1.633  1.633  1.633  1.633  1.633  1.633  1.633  1.633  1.633  1.633  1.633  1.633  1.633  1.633  1.633
  1.633  1.633  1.633  1.633  1.633  1.633  1.633  1.633  1.633  1.633  1.633  1.633  1.633  1.633  1.633  1.633  1.633  1.633  1.633  1.633  1.633  1.633  1.633  1.633  1.633  1.633  1.633  1.633  1.633  1.633  1.633  1.633  1.633  1.633  1.633  1.633
  1.633  1.633  1.633  1.633  1.633  1.633  1.633  1.633  1.633  1.633  1.633  1.633  1.633  1.633  1.633  1.633  1.633  1.633  1.633  1.633  1.633  1.633  1.633  1.633  1.633  1.633  1.633  1.633  1.633  1.633  1.633  1.633  1.633  1.633  1.633  1.633
  1.633  1.633  1.633  1.633  1.633  1.633  1.633  1.633  1.633  1.633  1.633  1.633  1.633  1.633  1.633  1.633  1.633  1.633  1.633  1.633  1.633  1.633  1.633  1.633  1.633  1.633  1.633  1.633  1.633  1.633  1.633  1.633  1.633  1.633  1.633  1.633
  1.633  1.633  1.633  1.633  1.633  1.633  1.633  1.633  1.633  1.633  1.633  1.633  1.633  1.633  1.633  1.633  1.633  1.633  1.633  1.633  1.633  1.633  1.633  1.633  1.633  1.633  1.633  1.633  1.633  1.633  1.633  1.633  1.633  1.633  1.633  1.633
  1.633  1.633  1.633  1.633  1.633  1.633  1.633  1.633  1.633  1.633  1.633  1.633  1.633  1.633  1.633  1.633  1.633  1.633  1.633  1.633  1.633  1.633  1.633  1.633  1.633  1.633  1.633  1.633  1.633  1.633  1.633  1.633  1.633  1.633  1.633  1.633
  1.633  1.633  1.633  1.633  1.633  1.633  1.633  1.633  1.633  1.633  1.633  1.633  1.633  1.633  1.633  1.633  1.633  1.633  1.633  1.633  1.633  1.633  1.633  1.633  1.633  1.633  1.633  1.633  1.633  1.633  1.633  1.633  1.633  1.633  1.633  1.633
  1.633  1.633  1.633  1.633  1.633  1.633  1.633  1.633  1.633  1.633  1.633  1.633  1.633  1.633  1.633  1.633  1.633  1.633  1.633  1.633  1.633  1.633  1.633  1.633  1.633  1.633  1.633  1.633  1.633  1.633  1.633  1.633  1.633  1.633  1.633  1.633
  1.633  1.633  1.633  1.633  1.633  1.633  1.633  1.633  1.633  1.633  1.633  1.633  1.633  1.633  1.633  1.633  1.633  1.633  1.633  1.633  1.633  1.633  1.633  1.633  1.633  1.633  1.633  1.633  1.633  1.633  1.633  1.633  1.633  1.633  1.633  1.633
  1.633  1.633  1.633  1.633  1.633  1.633  1.633  1.633  1.633  1.633  1.633  1.633  1.633  1.633  1.633  1.633  1.633  1.633  1.633  1.633  1.633  1.633  1.633  1.633  1.633  1.633  1.633  1.633  1.633  1.633  1.633  1.633  1.633  1.633  1.633  1.633
  1.633  1.633  1.633  1.633  1.633  1.633  1.633  1.633  1.633  1.633  1.633  1.633  1.633  1.633  1.633  1.633  1.633  1.633  1.633  1.633  1.633  1.633  1.633  1.633  1.633  1.633  1.633  1.633  1.633  1.633  1.633  1.633  1.633  1.633  1.633  1.633
  1.633  1.633  1.633  1.633  1.633  1.633  1.633  1.633  1.633  1.633  1.633  1.633  1.633  1.633  1.633  1.633  1.633  1.633  1.633  1.633  1.633  1.633  1.633  1.633  1.633  1.633  1.633  1.633  1.633  1.633  1.633  1.633  1.633  1.633  1.633  1.633
  1.633  1.633  1.633  1.633  1.633  1.633  1.633  1.633  1.633  1.633  1.633  1.633  1.633  1.633  1.633  1.633  1.633  1.633  1.633  1.633  1.633  1.633  1.633  1.633  1.633  1.633  1.633  1.633  1.633  1.633  1.633  1.633  1.633  1.633  1.633  1.633
  1.633  1.633  1.633  1.633  1.633  1.633  1.633  1.633  1.633  1.633  1.633  1.633  1.633  1.633  1.633  1.633  1.633  1.633  1.633  1.633  1.633  1.633  1.633  1.633  1.633  1.633  1.633  1.633  1.633  1.633  1.633  1.633  1.633  1.633  1.633  1.633
  1.633  1.633  1.633  1.633  1.633  1.633  1.633  1.633  1.633  1.633  1.633  1.633  1.633  1.633  1.633  1.633  1.633  1.633  1.633  1.633  1.633  1.633  1.633  1.633  1.633  1.633  1.633  1.633  1.633  1.633  1.633  1.633  1.633  1.633  1.633  1.633
  1.633  1.633  1.633  1.633  1.633  1.633  1.633  1.633  1.633  1.633  1.633  1.633  1.633  1.633  1.633  1.633  1.633  1.633  1.633  1.633  1.633  1.633  1.633  1.633  1.633  1.633  1.633  1.633  1.633  1.633  1.633  1.633  1.633  1.633  1.633  1.633
  1.633  1.633  1.633  1.633  1.633  1.633  1.633  1.633  1.633  1.633  1.633  1.633  1.633  1.633  1.633  1.633  1.633  1.633  1.633  1.633  1.633  1.633  1.633  1.633  1.633  1.633  1.633  1.633  1.633  1.633  1.633  1.633  1.633  1.633  1.633  1.633
  1.633  1.633  1.633  1.633  1.633  1.633  1.633  1.633  1.633  1.633  1.633  1.633  1.633  1.633  1.633  1.633  1.633  1.633  1.633  1.633  1.633  1.633  1.633  1.633  1.633  1.633  1.633  1.633  1.633  1.633  1.633  1.633  1.633  1.633  1.633  1.633
  1.633  1.633  1.633  1.633  1.633  1.633  1.633  1.633  1.633  1.633  1.633  1.633  1.633  1.633  1.633  1.633  1.633  1.633  1.633  1.633  1.633  1.633  1.633  1.633  1.633  1.633  1.633  1.633  1.633  1.633  1.633  1.633  1.633  1.633  1.633  1.633
  1.633  1.633  1.633  1.633  1.633  1.633  1.633  1.633  1.633  1.633  1.633  1.633  1.633  1.633  1.633  1.633  1.633  1.633  1.633  1.633  1.633  1.633  1.633  1.633  1.633  1.633  1.633  1.633  1.633  1.633  1.633  1.633  1.633  1.633  1.633  1.633
  1.633  1.633  1.633  1.633  1.633  1.633  1.633  1.633  1.633  1.633  1.633  1.633  1.633  1.633  1.633  1.633  1.633  1.633  1.633  1.633  1.633  1.633  1.633  1.633  1.633  1.633  1.633  1.633  1.633  1.633  1.633  1.633  1.633  1.633  1.633  1.633
  1.633  1.633  1.633  1.633  1.633  1.633  1.633  1.633  1.633  1.633  1.633  1.633  1.633  1.633  1.633  1.633  1.633  1.633  1.633  1.633  1.633  1.633  1.633  1.633  1.633  1.633  1.633  1.633  1.633  1.633  1.633  1.633  1.633  1.633  1.633  1.633
  1.633  1.633  1.633  1.633  1.633  1.633  1.633  1.633  1.633  1.633  1.633  1.633  1.633  1.633  1.633  1.633  1.633  1.633  1.633  1.633  1.633  1.633  1.633  1.633  1.633  1.633  1.633  1.633  1.633  1.633  1.633  1.633  1.633  1.633  1.633  1.633
  1.633  1.633  1.633  1.633  1.633  1.633  1.633  1.633  1.633  1.633  1.633  1.633  1.633  1.633  1.633  1.633  1.633  1.633  1.633  1.633  1.633  1.633  1.633  1.633  1.633  1.633  1.633  1.633  1.633  1.633  1.633  1.633  1.633  1.633  1.633  1.633
  1.633  1.633  1.633  1.633  1.633  1.633  1.633  1.633  1.633  1.633  1.633  1.633  1.633  1.633  1.633  1.633  1.633  1.633  1.633  1.633  1.633  1.633  1.633  1.633  1.633  1.633  1.633  1.633  1.633  1.633  1.633  1.633  1.633  1.633  1.633  1.633
  1.633  1.633  1.633  1.633  1.633  1.633  1.633  1.633  1.633  1.633  1.633  1.633  1.633  1.633  1.633  1.633  1.633  1.633  1.633  1.633  1.633  1.633  1.633  1.633  1.633  1.633  1.633  1.633  1.633  1.633  1.633  1.633  1.633  1.633  1.633  1.633
  1.633  1.633  1.633  1.633  1.633  1.633  1.633  1.633  1.633  1.633  1.633  1.633  1.633  1.633  1.633  1.633  1.633  1.633  1.633  1.633  1.633  1.633  1.633  1.633  1.633  1.633  1.633  1.633  1.633  1.633  1.633  1.633  1.633  1.633  1.633  1.633
  1.633  1.633  1.633  1.633  1.633  1.633  1.633  1.633  1.633  1.633  1.633  1.633  1.633  1.633  1.633  1.633  1.633  1.633  1.633  1.633  1.633  1.633  1.633  1.633  1.633  1.633  1.633  1.633  1.633  1.633  1.633  1.633  1.633  1.633  1.633  1.633
  1.633  1.633  1.633  1.633  1.633  1.633  1.633  1.633  1.633  1.633  1.633  1.633  1.633  1.633  1.633  1.633  1.633  1.633  1.633  1.633  1.633  1.633  1.633  1.633  1.633  1.633  1.633  1.633  1.633  1.633  1.633  1.633  1.633  1.633  1.633  1.633
  1.633  1.633  1.633  1.633  1.633  1.633  1.633  1.633  1.633  1.633  1.633  1.633  1.633  1.633  1.633  1.633  1.633  1.633  1.633  1.633  1.633  1.633  1.633  1.633  1.633  1.633  1.633  1.633  1.633  1.633  1.633  1.633  1.633  1.633  1.633  1.633
  1.633  1.633  1.633  1.633  1.633  1.633  1.633  1.633  1.633  1.633  1.633  1.633  1.633  1.633  1.633  1.633  1.633  1.633  1.633  1.633  1.633  1.633  1.633  1.633  1.633  1.633  1.633  1.633  1.633  1.633  1.633  1.633  1.633  1.633  1.633  1.633
  1.633  1.633  1.633  1.633  1.633  1.633  1.633  1.633  1.633  1.633  1.633  1.633  1.633  1.633  1.633  1.633  1.633  1.633  1.633  1.633  1.633  1.633  1.633  1.633  1.633  1.633  1.633  1.633  1.633  1.633  1.633  1.633  1.633  1.633  1.633  1.633
  1.633  1.633  1.633  1.633  1.633  1.633  1.633  1.633  1.633  1.633  1.633  1.633  1.633  1.633  1.633  1.633  1.633  1.633  1.633  1.633  1.633  1.633  1.633  1.633  1.633  1.633  1.633  1.633  1.633  1.633  1.633  1.633  1.633  1.633  1.633  1.633
  1.800  1.800  1.800  1.800  1.800  1.800  1.800  1.800  1.800  1.800  1.800  1.800  1.800  1.800  1.800  1.800  1.800  1.800  1.800  1.800  1.800  1.800  1.800  1.800  1.800  1.800  1.800  1.800  1.800  1.800  1.800  1.800  1.800  1.800  1.800  1.800
  1.800  1.800  1.800  1.800  1.800  1.800  1.800  1.800  1.800  1.800  1.800  1.800  1.800  1.800  1.800  1.800  1.800  1.800  1.800  1.800  1.800  1.800  1.800  1.800  1.800  1.800  1.800  1.800  1.800  1.800  1.800  1.800  1.800  1.800  1.800  1.800
  1.800  1.800  1.800  1.800  1.800  1.800  1.800  1.800  1.800  1.800  1.800  1.800  1.800  1.800  1.800  1.800  1.800  1.800  1.800  1.800  1.800  1.800  1.800  1.800  1.800  1.800  1.800  1.800  1.800  1.800  1.800  1.800  1.800  1.800  1.800  1.800
  1.800  1.800  1.800  1.800  1.800  1.800  1.800  1.800  1.800  1.800  1.800  1.800  1.800  1.800  1.800  1.800  1.800  1.800  1.800  1.800  1.800  1.800  1.800  1.800  1.800  1.800  1.800  1.800  1.800  1.800  1.800  1.800  1.800  1.800  1.800  1.800
  1.800  1.800  1.800  1.800  1.800  1.800  1.800  1.800  1.800  1.800  1.800  1.800  1.800  1.800  1.800  1.800  1.800  1.800  1.800  1.800  1.800  1.800  1.800  1.800  1.800  1.800  1.800  1.800  1.800  1.800  1.800  1.800  1.800  1.800  1.800  1.800
  1.800  1.800  1.800  1.800  1.800  1.800  1.800  1.800  1.800  1.800  1.800  1.800  1.800  1.800  1.800  1.800  1.800  1.800  1.800  1.800  1.800  1.800  1.800  1.800  1.800  1.800  1.800  1.800  1.800  1.800  1.800  1.800  1.800  1.800  1.800  1.800
  1.800  1.800  1.800  1.800  1.800  1.800  1.800  1.800  1.800  1.800  1.800  1.800  1.800  1.800  1.800  1.800  1.800  1.800  1.800  1.800  1.800  1.800  1.800  1.800  1.800  1.800  1.800  1.800  1.800  1.800  1.800  1.800  1.800  1.800  1.800  1.800
  1.800  1.800  1.800  1.800  1.800  1.800  1.800  1.800  1.800  1.800  1.800  1.800  1.800  1.800  1.800  1.800  1.800  1.800  1.800  1.800  1.800  1.800  1.800  1.800  1.800  1.800  1.800  1.800  1.800  1.800  1.800  1.800  1.800  1.800  1.800  1.800
  1.800  1.800  1.800  1.800  1.800  1.800  1.800  1.800  1.800  1.800  1.800  1.800  1.800  1.800  1.800  1.800  1.800  1.800  1.800  1.800  1.800  1.800  1.800  1.800  1.800  1.800  1.800  1.800  1.800  1.800  1.800  1.800  1.800  1.800  1.800  1.800
  1.800  1.800  1.800  1.800  1.800  1.800  1.800  1.800  1.800  1.800  1.800  1.800  1.800  1.800  1.800  1.800  1.800  1.800  1.800  1.800  1.800  1.800  1.800  1.800  1.800  1.800  1.800  1.800  1.800  1.800  1.800  1.800  1.800  1.800  1.800  1.800
  1.800  1.800  1.800  1.800  1.800  1.800  1.800  1.800  1.800  1.800  1.800  1.800  1.800  1.800  1.800  1.800  1.800  1.800  1.800  1.800  1.800  1.800  1.800  1.800  1.800  1.800  1.800  1.800  1.800  1.800  1.800  1.800  1.800  1.800  1.800  1.800
  1.800  1.800  1.800  1.800  1.800  1.800  1.800  1.800  1.800  1.800  1.800  1.800  1.800  1.800  1.800  1.800  1.800  1.800  1.800  1.800  1.800  1.800  1.800  1.800  1.800  1.800  1.800  1.800  1.800  1.800  1.800  1.800  1.800  1.800  1.800  1.800
  1.800  1.800  1.800  1.800  1.800  1.800  1.800  1.800  1.800  1.800  1.800  1.800  1.800  1.800  1.800  1.800  1.800  1.800  1.800  1.800  1.800  1.800  1.800  1.800  1.800  1.800  1.800  1.800  1.800  1.800  1.800  1.800  1.800  1.800  1.800  1.800
  1.800  1.800  1.800  1.800  1.800  1.800  1.800  1.800  1.800  1.800  1.800  1.800  1.800  1.800  1.800  1.800  1.800  1.800  1.800  1.800  1.800  1.800  1.800  1.800  1.800  1.800  1.800  1.800  1.800  1.800  1.800  1.800  1.800  1.800  1.800  1.800
  1.800  1.800  1.800  1.800  1.800  1.800  1.800  1.800  1.800  1.800  1.800  1.800  1.800  1.800  1.800  1.800  1.800  1.800  1.800  1.800  1.800  1.800  1.800  1.800  1.800  1.800  1.800  1.800  1.800  1.800  1.800  1.800  1.800  1.800  1.800  1.800
  1.800  1.800  1.800  1.800  1.800  1.800  1.800  1.800  1.800  1.800  1.800  1.800  1.800  1.800  1.800  1.800  1.800  1.800  1.800  1.800  1.800  1.800  1.800  1.800  1.800  1.800  1.800  1.800  1.800  1.800  1.800  1.800  1.800  1.800  1.800  1.800
  1.800  1.800  1.800  1.800  1.800  1.800  1.800  1.800  1.800  1.800  1.800  1.800  1.800  1.800  1.800  1.800  1.800  1.800  1.800  1.800  1.800  1.800  1.800  1.800  1.800  1.800  1.800  1.800  1.800  1.800  1.800  1.800  1.800  1.800  1.800  1.800
  1.800  1.800  1.800  1.800  1.800  1.800  1.800  1.800  1.800  1.800  1.800  1.800  1.800  1.800  1.800  1.800  1.800  1.800  1.800  1.800  1.800  1.800  1.800  1.800  1.800  1.800  1.800  1.800  1.800  1.800  1.800  1.800  1.800  1.800  1.800  1.800
  1.800  1.800  1.800  1.800  1.800  1.800  1.800  1.800  1.800  1.800  1.800  1.800  1.800  1.800  1.800  1.800  1.800  1.800  1.800  1.800  1.800  1.800  1.800  1.800  1.800  1.800  1.800  1.800  1.800  1.800  1.800  1.800  1.800  1.800  1.800  1.800
  1.800  1.800  1.800  1.800  1.800  1.800  1.800  1.800  1.800  1.800  1.800  1.800  1.800  1.800  1.800  1.800  1.800  1.800  1.800  1.800  1.800  1.800  1.800  1.800  1.800  1.800  1.800  1.800  1.800  1.800  1.800  1.800  1.800  1.800  1.800  1.800
  1.800  1.800  1.800  1.800  1.800  1.800  1.800  1.800  1.800  1.800  1.800  1.800  1.800  1.800  1.800  1.800  1.800  1.800  1.800  1.800  1.800  1.800  1.800  1.800  1.800  1.800  1.800  1.800  1.800  1.800  1.800  1.800  1.800  1.800  1.800  1.800
  1.800  1.800  1.800  1.800  1.800  1.800  1.800  1.800  1.800  1.800  1.800  1.800  1.800  1.800  1.800  1.800  1.800  1.800  1.800  1.800  1.800  1.800  1.800  1.800  1.800  1.800  1.800  1.800  1.800  1.800  1.800  1.800  1.800  1.800  1.800  1.800
  1.800  1.800  1.800  1.800  1.800  1.800  1.800  1.800  1.800  1.800  1.800  1.800  1.800  1.800  1.800  1.800  1.800  1.800  1.800  1.800  1.800  1.800  1.800  1.800  1.800  1.800  1.800  1.800  1.800  1.800  1.800  1.800  1.800  1.800  1.800  1.800
  1.800  1.800  1.800  1.800  1.800  1.800  1.800  1.800  1.800  1.800  1.800  1.800  1.800  1.800  1.800  1.800  1.800  1.800  1.800  1.800  1.800  1.800  1.800  1.800  1.800  1.800  1.800  1.800  1.800  1.800  1.800  1.800  1.800  1.800  1.800  1.800
  1.800  1.800  1.800  1.800  1.800  1.800  1.800  1.800  1.800  1.800  1.800  1.800  1.800  1.800  1.800  1.800  1.800  1.800  1.800  1.800  1.800  1.800  1.800  1.800  1.800  1.800  1.800  1.800  1.800  1.800  1.800  1.800  1.800  1.800  1.800  1.800
  1.800  1.800  1.800  1.800  1.800  1.800  1.800  1.800  1.800  1.800  1.800  1.800  1.800  1.800  1.800  1.800  1.800  1.800  1.800  1.800  1.800  1.800  1.800  1.800  1.800  1.800  1.800  1.800  1.800  1.800  1.800  1.800  1.800  1.800  1.800  1.800
  1.800  1.800  1.800  1.800  1.800  1.800  1.800  1.800  1.800  1.800  1.800  1.800  1.800  1.800  1.800  1.800  1.800  1.800  1.800  1.800  1.800  1.800  1.800  1.800  1.800  1.800  1.800  1.800  1.800  1.800  1.800  1.800  1.800  1.800  1.800  1.800
  1.800  1.800  1.800  1.800  1.800  1.800  1.800  1.800  1.800  1.800  1.800  1.800  1.800  1.800  1.800  1.800  1.800  1.800  1.800  1.800  1.800  1.800  1.800  1.800  1.800  1.800  1.800  1.800  1.800  1.800  1.800  1.800  1.800  1.800  1.800  1.800
  1.800  1.800  1.800  1.800  1.800  1.800  1.800  1.800  1.800  1.800  1.800  1.800  1.800  1.800  1.800  1.800  1.800  1.800  1.800  1.800  1.800  1.800  1.800  1.800  1.800  1.800  1.800  1.800  1.800  1.800  1.800  1.800  1.800  1.800  1.800  1.800
  1.800  1.800  1.800  1.800  1.800  1.800  1.800  1.800  1.800  1.800  1.800  1.800  1.800  1.800  1.800  1.800  1.800  1.800  1.800  1.800  1.800  1.800  1.800  1.800  1.800  1.800  1.800  1.800  1.800  1.800  1.800  1.800  1.800  1.800  1.800  1.800
  1.800  1.800  1.800  1.800  1.800  1.800  1.800  1.800  1.800  1.800  1.800  1.800  1.800  1.800  1.800  1.800  1.800  1.800  1.800  1.800  1.800  1.800  1.800  1.800  1.800  1.800  1.800  1.800  1.800  1.800  1.800  1.800  1.800  1.800  1.800  1.800
  1.800  1.800  1.800  1.800  1.800  1.800  1.800  1.800  1.800  1.800  1.800  1.800  1.800  1.800  1.800  1.800  1.800  1.800  1.800  1.800  1.800  1.800  1.800  1.800  1.800  1.800  1.800  1.800  1.800  1.800  1.800  1.800  1.800  1.800  1.800  1.800
  1.800  1.800  1.800  1.800  1.800  1.800  1.800  1.800  1.800  1.800  1.800  1.800  1.800  1.800  1.800  1.800  1.800  1.800  1.800  1.800  1.800  1.800  1.800  1.800  1.800  1.800  1.800  1.800  1.800  1.800  1.800  1.800  1.800  1.800  1.800  1.800
  1.800  1.800  1.800  1.800  1.800  1.800  1.800  1.800  1.800  1.800  1.800  1.800  1.800  1.800  1.800  1.800  1.800  1.800  1.800  1.800  1.800  1.800  1.800  1.800  1.800  1.800  1.800  1.800  1.800  1.800  1.800  1.800  1.800  1.800  1.800  1.800
  1.800  1.800  1.800  1.800  1.800  1.800  1.800  1.800  1.800  1.800  1.800  1.800  1.800  1.800  1.800  1.800  1.800  1.800  1.800  1.800  1.800  1.800  1.800  1.800  1.800  1.800  1.800  1.800  1.800  1.800  1.800  1.800  1.800  1.800  1.800  1.800
  1.800  1.800  1.800  1.800  1.800  1.800  1.800  1.800  1.800  1.800  1.800  1.800  1.800  1.800  1.800  1.800  1.800  1.800  1.800  1.800  1.800  1.800  1.800  1.800  1.800  1.800  1.800  1.800  1.800  1.800  1.800  1.800  1.800  1.800  1.800  1.800
  1.967  1.967  1.967  1.967  1.967  1.967  1.967  1.967  1.967  1.967  1.967  1.967  1.967  1.967  1.967  1.967  1.967  1.967  1.967  1.967  1.967  1.967  1.967  1.967  1.967  1.967  1.967  1.967  1.967  1.967  1.967  1.967  1.967  1.967  1.967  1.967
  1.967  1.967  1.967  1.967  1.967  1.967  1.967  1.967  1.967  1.967  1.967  1.967  1.967  1.967  1.967  1.967  1.967  1.967  1.967  1.967  1.967  1.967  1.967  1.967  1.967  1.967  1.967  1.967  1.967  1.967  1.967  1.967  1.967  1.967  1.967  1.967
  1.967  1.967  1.967  1.967  1.967  1.967  1.967  1.967  1.967  1.967  1.967  1.967  1.967  1.967  1.967  1.967  1.967  1.967  1.967  1.967  1.967  1.967  1.967  1.967  1.967  1.967  1.967  1.967  1.967  1.967  1.967  1.967  1.967  1.967  1.967  1.967
  1.967  1.967  1.967  1.967  1.967  1.967  1.967  1.967  1.967  1.967  1.967  1.967  1.967  1.967  1.967  1.967  1.967  1.967  1.967  1.967  1.967  1.967  1.967  1.967  1.967  1.967  1.967  1.967  1.967  1.967  1.967  1.967  1.967  1.967  1.967  1.967
  1.967  1.967  1.967  1.967  1.967  1.967  1.967  1.967  1.967  1.967  1.967  1.967  1.967  1.967  1.967  1.967  1.967  1.967  1.967  1.967  1.967  1.967  1.967  1.967  1.967  1.967  1.967  1.967  1.967  1.967  1.967  1.967  1.967  1.967  1.967  1.967
  1.967  1.967  1.967  1.967  1.967  1.967  1.967  1.967  1.967  1.967  1.967  1.967  1.967  1.967  1.967  1.967  1.967  1.967  1.967  1.967  1.967  1.967  1.967  1.967  1.967  1.967  1.967  1.967  1.967  1.967  1.967  1.967  1.967  1.967  1.967  1.967
  1.967  1.967  1.967  1.967  1.967  1.967  1.967  1.967  1.967  1.967  1.967  1.967  1.967  1.967  1.967  1.967  1.967  1.967  1.967  1.967  1.967  1.967  1.967  1.967  1.967  1.967  1.967  1.967  1.967  1.967  1.967  1.967  1.967  1.967  1.967  1.967
  1.967  1.967  1.967  1.967  1.967  1.967  1.967  1.967  1.967  1.967  1.967  1.967  1.967  1.967  1.967  1.967  1.967  1.967  1.967  1.967  1.967  1.967  1.967  1.967  1.967  1.967  1.967  1.967  1.967  1.967  1.967  1.967  1.967  1.967  1.967  1.967
  1.967  1.967  1.967  1.967  1.967  1.967  1.967  1.967  1.967  1.967  1.967  1.967  1.967  1.967  1.967  1.967  1.967  1.967  1.967  1.967  1.967  1.967  1.967  1.967  1.967  1.967  1.967  1.967  1.967  1.967  1.967  1.967  1.967  1.967  1.967  1.967
  1.967  1.967  1.967  1.967  1.967  1.967  1.967  1.967  1.967  1.967  1.967  1.967  1.967  1.967  1.967  1.967  1.967  1.967  1.967  1.967  1.967  1.967  1.967  1.967  1.967  1.967  1.967  1.967  1.967  1.967  1.967  1.967  1.967  1.967  1.967  1.967
  1.967  1.967  1.967  1.967  1.967  1.967  1.967  1.967  1.967  1.967  1.967  1.967  1.967  1.967  1.967  1.967  1.967  1.967  1.967  1.967  1.967  1.967  1.967  1.967  1.967  1.967  1.967  1.967  1.967  1.967  1.967  1.967  1.967  1.967  1.967  1.967
  1.967  1.967  1.967  1.967  1.967  1.967  1.967  1.967  1.967  1.967  1.967  1.967  1.967  1.967  1.967  1.967  1.967  1.967  1.967  1.967  1.967  1.967  1.967  1.967  1.967  1.967  1.967  1.967  1.967  1.967  1.967  1.967  1.967  1.967  1.967  1.967
  1.967  1.967  1.967  1.967  1.967  1.967  1.967  1.967  1.967  1.967  1.967  1.967  1.967  1.967  1.967  1.967  1.967  1.967  1.967  1.967  1.967  1.967  1.967  1.967  1.967  1.967  1.967  1.967  1.967  1.967  1.967  1.967  1.967  1.967  1.967  1.967
  1.967  1.967  1.967  1.967  1.967  1.967  1.967  1.967  1.967  1.967  1.967  1.967  1.967  1.967  1.967  1.967  1.967  1.967  1.967  1.967  1.967  1.967  1.967  1.967  1.967  1.967  1.967  1.967  1.967  1.967  1.967  1.967  1.967  1.967  1.967  1.967
  1.967  1.967  1.967  1.967  1.967  1.967  1.967  1.967  1.967  1.967  1.967  1.967  1.967  1.967  1.967  1.967  1.967  1.967  1.967  1.967  1.967  1.967  1.967  1.967  1.967  1.967  1.967  1.967  1.967  1.967  1.967  1.967  1.967  1.967  1.967  1.967
  1.967  1.967  1.967  1.967  1.967  1.967  1.967  1.967  1.967  1.967  1.967  1.967  1.967  1.967  1.967  1.967  1.967  1.967  1.967  1.967  1.967  1.967  1.967  1.967  1.967  1.967  1.967  1.967  1.967  1.967  1.967  1.967  1.967  1.967  1.967  1.967
  1.967  1.967  1.967  1.967  1.967  1.967  1.967  1.967  1.967  1.967  1.967  1.967  1.967  1.967  1.967  1.967  1.967  1.967  1.967  1.967  1.967  1.967  1.967  1.967  1.967  1.967  1.967  1.967  1.967  1.967  1.967  1.967  1.967  1.967  1.967  1.967
  1.967  1.967  1.967  1.967  1.967  1.967  1.967  1.967  1.967  1.967  1.967  1.967  1.967  1.967  1.967  1.967  1.967  1.967  1.967  1.967  1.967  1.967  1.967  1.967  1.967  1.967  1.967  1.967  1.967  1.967  1.967  1.967  1.967  1.967  1.967  1.967
  1.967  1.967  1.967  1.967  1.967  1.967  1.967  1.967  1.967  1.967  1.967  1.967  1.967  1.967  1.967  1.967  1.967  1.967  1.967  1.967  1.967  1.967  1.967  1.967  1.967  1.967  1.967  1.967  1.967  1.967  1.967  1.967  1.967  1.967  1.967  1.967
  1.967  1.967  1.967  1.967  1.967  1.967  1.967  1.967  1.967  1.967  1.967  1.967  1.967  1.967  1.967  1.967  1.967  1.967  1.967  1.967  1.967  1.967  1.967  1.967  1.967  1.967  1.967  1.967  1.967  1.967  1.967  1.967  1.967  1.967  1.967  1.967
  1.967  1.967  1.967  1.967  1.967  1.967  1.967  1.967  1.967  1.967  1.967  1.967  1.967  1.967  1.967  1.967  1.967  1.967  1.967  1.967  1.967  1.967  1.967  1.967  1.967  1.967  1.967  1.967  1.967  1.967  1.967  1.967  1.967  1.967  1.967  1.967
  1.967  1.967  1.967  1.967  1.967  1.967  1.967  1.967  1.967  1.967  1.967  1.967  1.967  1.967  1.967  1.967  1.967  1.967  1.967  1.967  1.967  1.967  1.967  1.967  1.967  1.967  1.967  1.967  1.967  1.967  1.967  1.967  1.967  1.967  1.967  1.967
  1.967  1.967  1.967  1.967  1.967  1.967  1.967  1.967  1.967  1.967  1.967  1.967  1.967  1.967  1.967  1.967  1.967  1.967  1.967  1.967  1.967  1.967  1.967  1.967  1.967  1.967  1.967  1.967  1.967  1.967  1.967  1.967  1.967  1.967  1.967  1.967
  1.967  1.967  1.967  1.967  1.967  1.967  1.967  1.967  1.967  1.967  1.967  1.967  1.967  1.967  1.967  1.967  1.967  1.967  1.967  1.967  1.967  1.967  1.967  1.967  1.967  1.967  1.967  1.967  1.967  1.967  1.967  1.967  1.967  1.967  1.967  1.967
  1.967  1.967  1.967  1.967  1.967  1.967  1.967  1.967  1.967  1.967  1.967  1.967  1.967  1.967  1.967  1.967  1.967  1.967  1.967  1.967  1.967  1.967  1.967  1.967  1.967  1.967  1.967  1.967  1.967  1.967  1.967  1.967  1.967  1.967  1.967  1.967
  1.967  1.967  1.967  1.967  1.967  1.967  1.967  1.967  1.967  1.967  1.967  1.967  1.967  1.967  1.967  1.967  1.967  1.967  1.967  1.967  1.967  1.967  1.967  1.967  1.967  1.967  1.967  1.967  1.967  1.967  1.967  1.967  1.967  1.967  1.967  1.967
  1.967  1.967  1.967  1.967  1.967  1.967  1.967  1.967  1.967  1.967  1.967  1.967  1.967  1.967  1.967  1.967  1.967  1.967  1.967  1.967  1.967  1.967  1.967  1.967  1.967  1.967  1.967  1.967  1.967  1.967  1.967  1.967  1.967  1.967  1.967  1.967
  1.967  1.967  1.967  1.967  1.967  1.967  1.967  1.967  1.967  1.967  1.967  1.967  1.967  1.967  1.967  1.967  1.967  1.967  1.967  1.967  1.967  1.967  1.967  1.967  1.967  1.967  1.967  1.967  1.967  1.967  1.967  1.967  1.967  1.967  1.967  1.967
  1.967  1.967  1.967  1.967  1.967  1.967  1.967  1.967  1.967  1.967  1.967  1.967  1.967  1.967  1.967  1.967  1.967  1.967  1.967  1.967  1.967  1.967  1.967  1.967  1.967  1.967  1.967  1.967  1.967  1.967  1.967  1.967  1.967  1.967  1.967  1.967
  1.967  1.967  1.967  1.967  1.967  1.967  1.967  1.967  1.967  1.967  1.967  1.967  1.967  1.967  1.967  1.967  1.967  1.967  1.967  1.967  1.967  1.967  1.967  1.967  1.967  1.967  1.967  1.967  1.967  1.967  1.967  1.967  1.967  1.967  1.967  1.967
  1.967  1.967  1.967  1.967  1.967  1.967  1.967  1.967  1.967  1.967  1.967  1.967  1.967  1.967  1.967  1.967  1.967  1.967  1.967  1.967  1.967  1.967  1.967  1.967  1.967  1.967  1.967  1.967  1.967  1.967  1.967  1.967  1.967  1.967  1.967  1.967
  1.967  1.967  1.967  1.967  1.967  1.967  1.967  1.967  1.967  1.967  1.967  1.967  1.967  1.967  1.967  1.967  1.967  1.967  1.967  1.967  1.967  1.967  1.967  1.967  1.967  1.967  1.967  1.967  1.967  1.967  1.967  1.967  1.967  1.967  1.967  1.967
  1.967  1.967  1.967  1.967  1.967  1.967  1.967  1.967  1.967  1.967  1.967  1.967  1.967  1.967  1.967  1.967  1.967  1.967  1.967  1.967  1.967  1.967  1.967  1.967  1.967  1.967  1.967  1.967  1.967  1.967  1.967  1.967  1.967  1.967  1.967  1.967
  1.967  1.967  1.967  1.967  1.967  1.967  1.967  1.967  1.967  1.967  1.967  1.967  1.967  1.967  1.967  1.967  1.967  1.967  1.967  1.967  1.967  1.967  1.967  1.967  1.967  1.967  1.967  1.967  1.967  1.967  1.967  1.967  1.967  1.967  1.967  1.967
  1.967  1.967  1.967  1.967  1.967  1.967  1.967  1.967  1.967  1.967  1.967  1.967  1.967  1.967  1.967  1.967  1.967  1.967  1.967  1.967  1.967  1.967  1.967  1.967  1.967  1.967  1.967  1.967  1.967  1.967  1.967  1.967  1.967  1.967  1.967  1.967
  1.967  1.967  1.967  1.967  1.967  1.967  1.967  1.967  1.967  1.967  1.967  1.967  1.967  1.967  1.967  1.967  1.967  1.967  1.967  1.967  1.967  1.967  1.967  1.967  1.967  1.967  1.967  1.967  1.967  1.967  1.967  1.967  1.967  1.967  1.967  1.967
  2.133  2.133  2.133  2.133  2.133  2.133  2.133  2.133  2.133  2.133  2.133  2.133  2.133  2.133  2.133  2.133  2.133  2.133  2.133  2.133  2.133  2.133  2.133  2.133  2.133  2.133  2.133  2.133  2.133  2.133  2.133  2.133  2.133  2.133  2.133  2.133
  2.133  2.133  2.133  2.133  2.133  2.133  2.133  2.133  2.133  2.133  2.133  2.133  2.133  2.133  2.133  2.133  2.133  2.133  2.133  2.133  2.133  2.133  2.133  2.133  2.133  2.133  2.133  2.133  2.133  2.133  2.133  2.133  2.133  2.133  2.133  2.133
  2.133  2.133  2.133  2.133  2.133  2.133  2.133  2.133  2.133  2.133  2.133  2.133  2.133  2.133  2.133  2.133  2.133  2.133  2.133  2.133  2.133  2.133  2.133  2.133  2.133  2.133  2.133  2.133  2.133  2.133  2.133  2.133  2.133  2.133  2.133  2.133
  2.133  2.133  2.133  2.133  2.133  2.133  2.133  2.133  2.133  2.133  2.133  2.133  2.133  2.133  2.133  2.133  2.133  2.133  2.133  2.133  2.133  2.133  2.133  2.133  2.133  2.133  2.133  2.133  2.133  2.133  2.133  2.133  2.133  2.133  2.133  2.133
  2.133  2.133  2.133  2.133  2.133  2.133  2.133  2.133  2.133  2.133  2.133  2.133  2.133  2.133  2.133  2.133  2.133  2.133  2.133  2.133  2.133  2.133  2.133  2.133  2.133  2.133  2.133  2.133  2.133  2.133  2.133  2.133  2.133  2.133  2.133  2.133
  2.133  2.133  2.133  2.133  2.133  2.133  2.133  2.133  2.133  2.133  2.133  2.133  2.133  2.133  2.133  2.133  2.133  2.133  2.133  2.133  2.133  2.133  2.133  2.133  2.133  2.133  2.133  2.133  2.133  2.133  2.133  2.133  2.133  2.133  2.133  2.133
  2.133  2.133  2.133  2.133  2.133  2.133  2.133  2.133  2.133  2.133  2.133  2.133  2.133  2.133  2.133  2.133  2.133  2.133  2.133  2.133  2.133  2.133  2.133  2.133  2.133  2.133  2.133  2.133  2.133  2.133  2.133  2.133  2.133  2.133  2.133  2.133
  2.133  2.133  2.133  2.133  2.133  2.133  2.133  2.133  2.133  2.133  2.133  2.133  2.133  2.133  2.133  2.133  2.133  2.133  2.133  2.133  2.133  2.133  2.133  2.133  2.133  2.133  2.133  2.133  2.133  2.133  2.133  2.133  2.133  2.133  2.133  2.133
  2.133  2.133  2.133  2.133  2.133  2.133  2.133  2.133  2.133  2.133  2.133  2.133  2.133  2.133  2.133  2.133  2.133  2.133  2.133  2.133  2.133  2.133  2.133  2.133  2.133  2.133  2.133  2.133  2.133  2.133  2.133  2.133  2.133  2.133  2.133  2.133
  2.133  2.133  2.133  2.133  2.133  2.133  2.133  2.133  2.133  2.133  2.133  2.133  2.133  2.133  2.133  2.133  2.133  2.133  2.133  2.133  2.133  2.133  2.133  2.133  2.133  2.133  2.133  2.133  2.133  2.133  2.133  2.133  2.133  2.133  2.133  2.133
  2.133  2.133  2.133  2.133  2.133  2.133  2.133  2.133  2.133  2.133  2.133  2.133  2.133  2.133  2.133  2.133  2.133  2.133  2.133  2.133  2.133  2.133  2.133  2.133  2.133  2.133  2.133  2.133  2.133  2.133  2.133  2.133  2.133  2.133  2.133  2.133
  2.133  2.133  2.133  2.133  2.133  2.133  2.133  2.133  2.133  2.133  2.133  2.133  2.133  2.133  2.133  2.133  2.133  2.133  2.133  2.133  2.133  2.133  2.133  2.133  2.133  2.133  2.133  2.133  2.133  2.133  2.133  2.133  2.133  2.133  2.133  2.133
  2.133  2.133  2.133  2.133  2.133  2.133  2.133  2.133  2.133  2.133  2.133  2.133  2.133  2.133  2.133  2.133  2.133  2.133  2.133  2.133  2.133  2.133  2.133  2.133  2.133  2.133  2.133  2.133  2.133  2.133  2.133  2.133  2.133  2.133  2.133  2.133
  2.133  2.133  2.133  2.133  2.133  2.133  2.133  2.133  2.133  2.133  2.133  2.133  2.133  2.133  2.133  2.133  2.133  2.133  2.133  2.133  2.133  2.133  2.133  2.133  2.133  2.133  2.133  2.133  2.133  2.133  2.133  2.133  2.133  2.133  2.133  2.133
  2.133  2.133  2.133  2.133  2.133  2.133  2.133  2.133  2.133  2.133  2.133  2.133  2.133  2.133  2.133  2.133  2.133  2.133  2.133  2.133  2.133  2.133  2.133  2.133  2.133  2.133  2.133  2.133  2.133  2.133  2.133  2.133  2.133  2.133  2.133  2.133
  2.133  2.133  2.133  2.133  2.133  2.133  2.133  2.133  2.133  2.133  2.133  2.133  2.133  2.133  2.133  2.133  2.133  2.133  2.133  2.133  2.133  2.133  2.133  2.133  2.133  2.133  2.133  2.133  2.133  2.133  2.133  2.133  2.133  2.133  2.133  2.133
  2.133  2.133  2.133  2.133  2.133  2.133  2.133  2.133  2.133  2.133  2.133  2.133  2.133  2.133  2.133  2.133  2.133  2.133  2.133  2.133  2.133  2.133  2.133  2.133  2.133  2.133  2.133  2.133  2.133  2.133  2.133  2.133  2.133  2.133  2.133  2.133
  2.133  2.133  2.133  2.133  2.133  2.133  2.133  2.133  2.133  2.133  2.133  2.133  2.133  2.133  2.133  2.133  2.133  2.133  2.133  2.133  2.133  2.133  2.133  2.133  2.133  2.133  2.133  2.133  2.133  2.133  2.133  2.133  2.133  2.133  2.133  2.133
  2.133  2.133  2.133  2.133  2.133  2.133  2.133  2.133  2.133  2.133  2.133  2.133  2.133  2.133  2.133  2.133  2.133  2.133  2.133  2.133  2.133  2.133  2.133  2.133  2.133  2.133  2.133  2.133  2.133  2.133  2.133  2.133  2.133  2.133  2.133  2.133
  2.133  2.133  2.133  2.133  2.133  2.133  2.133  2.133  2.133  2.133  2.133  2.133  2.133  2.133  2.133  2.133  2.133  2.133  2.133  2.133  2.133  2.133  2.133  2.133  2.133  2.133  2.133  2.133  2.133  2.133  2.133  2.133  2.133  2.133  2.133  2.133
  2.133  2.133  2.133  2.133  2.133  2.133  2.133  2.133  2.133  2.133  2.133  2.133  2.133  2.133  2.133  2.133  2.133  2.133  2.133  2.133  2.133  2.133  2.133  2.133  2.133  2.133  2.133  2.133  2.133  2.133  2.133  2.133  2.133  2.133  2.133  2.133
  2.133  2.133  2.133  2.133  2.133  2.133  2.133  2.133  2.133  2.133  2.133  2.133  2.133  2.133  2.133  2.133  2.133  2.133  2.133  2.133  2.133  2.133  2.133  2.133  2.133  2.133  2.133  2.133  2.133  2.133  2.133  2.133  2.133  2.133  2.133  2.133
  2.133  2.133  2.133  2.133  2.133  2.133  2.133  2.133  2.133  2.133  2.133  2.133  2.133  2.133  2.133  2.133  2.133  2.133  2.133  2.133  2.133  2.133  2.133  2.133  2.133  2.133  2.133  2.133  2.133  2.133  2.133  2.133  2.133  2.133  2.133  2.133
  2.133  2.133  2.133  2.133  2.133  2.133  2.133  2.133  2.133  2.133  2.133  2.133  2.133  2.133  2.133  2.133  2.133  2.133  2.133  2.133  2.133  2.133  2.133  2.133  2.133  2.133  2.133  2.133  2.133  2.133  2.133  2.133  2.133  2.133  2.133  2.133
  2.133  2.133  2.133  2.133  2.133  2.133  2.133  2.133  2.133  2.133  2.133  2.133  2.133  2.133  2.133  2.133  2.133  2.133  2.133  2.133  2.133  2.133  2.133  2.133  2.133  2.133  2.133  2.133  2.133  2.133  2.133  2.133  2.133  2.133  2.133  2.133
  2.133  2.133  2.133  2.133  2.133  2.133  2.133  2.133  2.133  2.133  2.133  2.133  2.133  2.133  2.133  2.133  2.133  2.133  2.133  2.133  2.133  2.133  2.133  2.133  2.133  2.133  2.133  2.133  2.133  2.133  2.133  2.133  2.133  2.133  2.133  2.133
  2.133  2.133  2.133  2.133  2.133  2.133  2.133  2.133  2.133  2.133  2.133  2.133  2.133  2.133  2.133  2.133  2.133  2.133  2.133  2.133  2.133  2.133  2.133  2.133  2.133  2.133  2.133  2.133  2.133  2.133  2.133  2.133  2.133  2.133  2.133  2.133
  2.133  2.133  2.133  2.133  2.133  2.133  2.133  2.133  2.133  2.133  2.133  2.133  2.133  2.133  2.133  2.133  2.133  2.133  2.133  2.133  2.133  2.133  2.133  2.133  2.133  2.133  2.133  2.133  2.133  2.133  2.133  2.133  2.133  2.133  2.133  2.133
  2.133  2.133  2.133  2.133  2.133  2.133  2.133  2.133  2.133  2.133  2.133  2.133  2.133  2.133  2.133  2.133  2.133  2.133  2.133  2.133  2.133  2.133  2.133  2.133  2.133  2.133  2.133  2.133  2.133  2.133  2.133  2.133  2.133  2.133  2.133  2.133
  2.133  2.133  2.133  2.133  2.133  2.133  2.133  2.133  2.133  2.133  2.133  2.133  2.133  2.133  2.133  2.133  2.133  2.133  2.133  2.133  2.133  2.133  2.133  2.133  2.133  2.133  2.133  2.133  2.133  2.133  2.133  2.133  2.133  2.133  2.133  2.133
  2.133  2.133  2.133  2.133  2.133  2.133  2.133  2.133  2.133  2.133  2.133  2.133  2.133  2.133  2.133  2.133  2.133  2.133  2.133  2.133  2.133  2.133  2.133  2.133  2.133  2.133  2.133  2.133  2.133  2.133  2.133  2.133  2.133  2.133  2.133  2.133
  2.133  2.133  2.133  2.133  2.133  2.133  2.133  2.133  2.133  2.133  2.133  2.133  2.133  2.133  2.133  2.133  2.133  2.133  2.133  2.133  2.133  2.133  2.133  2.133  2.133  2.133  2.133  2.133  2.133  2.133  2.133  2.133  2.133  2.133  2.133  2.133
  2.133  2.133  2.133  2.133  2.133  2.133  2.133  2.133  2.133  2.133  2.133  2.133  2.133  2.133  2.133  2.133  2.133  2.133  2.133  2.133  2.133  2.133  2.133  2.133  2.133  2.133  2.133  2.133  2.133  2.133  2.133  2.133  2.133  2.133  2.133  2.133
  2.133  2.133  2.133  2.133  2.133  2.133  2.133  2.133  2.133  2.133  2.133  2.133  2.133  2.133  2.133  2.133  2.133  2.133  2.133  2.133  2.133  2.133  2.133  2.133  2.133  2.133  2.133  2.133  2.133  2.133  2.133  2.133  2.133  2.133  2.133  2.133
  2.133  2.133  2.133  2.133  2.133  2.133  2.133  2.133  2.133  2.133  2.133  2.133  2.133  2.133  2.133  2.133  2.133  2.133  2.133  2.133  2.133  2.133  2.133  2.133  2.133  2.133  2.133  2.133  2.133  2.133  2.133  2.133  2.133  2.133  2.133  2.133
  2.133  2.133  2.133  2.133  2.133  2.133  2.133  2.133  2.133  2.133  2.133  2.133  2.133  2.133  2.133  2.133  2.133  2.133  2.133  2.133  2.133  2.133  2.133  2.133  2.133  2.133  2.133  2.133  2.133  2.133  2.133  2.133  2.133  2.133  2.133  2.133
  2.300  2.300  2.300  2.300  2.300  2.300  2.300  2.300  2.300  2.300  2.300  2.300  2.300  2.300  2.300  2.300  2.300  2.300  2.300  2.300  2.300  2.300  2.300  2.300  2.300  2.300  2.300  2.300  2.300  2.300  2.300  2.300  2.300  2.300  2.300  2.300
  2.300  2.300  2.300  2.300  2.300  2.300  2.300  2.300  2.300  2.300  2.300  2.300  2.300  2.300  2.300  2.300  2.300  2.300  2.300  2.300  2.300  2.300  2.300  2.300  2.300  2.300  2.300  2.300  2.300  2.300  2.300  2.300  2.300  2.300  2.300  2.300
  2.300  2.300  2.300  2.300  2.300  2.300  2.300  2.300  2.300  2.300  2.300  2.300  2.300  2.300  2.300  2.300  2.300  2.300  2.300  2.300  2.300  2.300  2.300  2.300  2.300  2.300  2.300  2.300  2.300  2.300  2.300  2.300  2.300  2.300  2.300  2.300
  2.300  2.300  2.300  2.300  2.300  2.300  2.300  2.300  2.300  2.300  2.300  2.300  2.300  2.300  2.300  2.300  2.300  2.300  2.300  2.300  2.300  2.300  2.300  2.300  2.300  2.300  2.300  2.300  2.300  2.300  2.300  2.300  2.300  2.300  2.300  2.300
  2.300  2.300  2.300  2.300  2.300  2.300  2.300  2.300  2.300  2.300  2.300  2.300  2.300  2.300  2.300  2.300  2.300  2.300  2.300  2.300  2.300  2.300  2.300  2.300  2.300  2.300  2.300  2.300  2.300  2.300  2.300  2.300  2.300  2.300  2.300  2.300
  2.300  2.300  2.300  2.300  2.300  2.300  2.300  2.300  2.300  2.300  2.300  2.300  2.300  2.300  2.300  2.300  2.300  2.300  2.300  2.300  2.300  2.300  2.300  2.300  2.300  2.300  2.300  2.300  2.300  2.300  2.300  2.300  2.300  2.300  2.300  2.300
  2.300  2.300  2.300  2.300  2.300  2.300  2.300  2.300  2.300  2.300  2.300  2.300  2.300  2.300  2.300  2.300  2.300  2.300  2.300  2.300  2.300  2.300  2.300  2.300  2.300  2.300  2.300  2.300  2.300  2.300  2.300  2.300  2.300  2.300  2.300  2.300
  2.300  2.300  2.300  2.300  2.300  2.300  2.300  2.300  2.300  2.300  2.300  2.300  2.300  2.300  2.300  2.300  2.300  2.300  2.300  2.300  2.300  2.300  2.300  2.300  2.300  2.300  2.300  2.300  2.300  2.300  2.300  2.300  2.300  2.300  2.300  2.300
  2.300  2.300  2.300  2.300  2.300  2.300  2.300  2.300  2.300  2.300  2.300  2.300  2.300  2.300  2.300  2.300  2.300  2.300  2.300  2.300  2.300  2.300  2.300  2.300  2.300  2.300  2.300  2.300  2.300  2.300  2.300  2.300  2.300  2.300  2.300  2.300
  2.300  2.300  2.300  2.300  2.300  2.300  2.300  2.300  2.300  2.300  2.300  2.300  2.300  2.300  2.300  2.300  2.300  2.300  2.300  2.300  2.300  2.300  2.300  2.300  2.300  2.300  2.300  2.300  2.300  2.300  2.300  2.300  2.300  2.300  2.300  2.300
  2.300  2.300  2.300  2.300  2.300  2.300  2.300  2.300  2.300  2.300  2.300  2.300  2.300  2.300  2.300  2.300  2.300  2.300  2.300  2.300  2.300  2.300  2.300  2.300  2.300  2.300  2.300  2.300  2.300  2.300  2.300  2.300  2.300  2.300  2.300  2.300
  2.300  2.300  2.300  2.300  2.300  2.300  2.300  2.300  2.300  2.300  2.300  2.300  2.300  2.300  2.300  2.300  2.300  2.300  2.300  2.300  2.300  2.300  2.300  2.300  2.300  2.300  2.300  2.300  2.300  2.300  2.300  2.300  2.300  2.300  2.300  2.300
  2.300  2.300  2.300  2.300  2.300  2.300  2.300  2.300  2.300  2.300  2.300  2.300  2.300  2.300  2.300  2.300  2.300  2.300  2.300  2.300  2.300  2.300  2.300  2.300  2.300  2.300  2.300  2.300  2.300  2.300  2.300  2.300  2.300  2.300  2.300  2.300
  2.300  2.300  2.300  2.300  2.300  2.300  2.300  2.300  2.300  2.300  2.300  2.300  2.300  2.300  2.300  2.300  2.300  2.300  2.300  2.300  2.300  2.300  2.300  2.300  2.300  2.300  2.300  2.300  2.300  2.300  2.300  2.300  2.300  2.300  2.300  2.300
  2.300  2.300  2.300  2.300  2.300  2.300  2.300  2.300  2.300  2.300  2.300  2.300  2.300  2.300  2.300  2.300  2.300  2.300  2.300  2.300  2.300  2.300  2.300  2.300  2.300  2.300  2.300  2.300  2.300  2.300  2.300  2.300  2.300  2.300  2.300  2.300
  2.300  2.300  2.300  2.300  2.300  2.300  2.300  2.300  2.300  2.300  2.300  2.300  2.300  2.300  2.300  2.300  2.300  2.300  2.300  2.300  2.300  2.300  2.300  2.300  2.300  2.300  2.300  2.300  2.300  2.300  2.300  2.300  2.300  2.300  2.300  2.300
  2.300  2.300  2.300  2.300  2.300  2.300  2.300  2.300  2.300  2.300  2.300  2.300  2.300  2.300  2.300  2.300  2.300  2.300  2.300  2.300  2.300  2.300  2.300  2.300  2.300  2.300  2.300  2.300  2.300  2.300  2.300  2.300  2.300  2.300  2.300  2.300
  2.300  2.300  2.300  2.300  2.300  2.300  2.300  2.300  2.300  2.300  2.300  2.300  2.300  2.300  2.300  2.300  2.300  2.300  2.300  2.300  2.300  2.300  2.300  2.300  2.300  2.300  2.300  2.300  2.300  2.300  2.300  2.300  2.300  2.300  2.300  2.300
  2.300  2.300  2.300  2.300  2.300  2.300  2.300  2.300  2.300  2.300  2.300  2.300  2.300  2.300  2.300  2.300  2.300  2.300  2.300  2.300  2.300  2.300  2.300  2.300  2.300  2.300  2.300  2.300  2.300  2.300  2.300  2.300  2.300  2.300  2.300  2.300
  2.300  2.300  2.300  2.300  2.300  2.300  2.300  2.300  2.300  2.300  2.300  2.300  2.300  2.300  2.300  2.300  2.300  2.300  2.300  2.300  2.300  2.300  2.300  2.300  2.300  2.300  2.300  2.300  2.300  2.300  2.300  2.300  2.300  2.300  2.300  2.300
  2.300  2.300  2.300  2.300  2.300  2.300  2.300  2.300  2.300  2.300  2.300  2.300  2.300  2.300  2.300  2.300  2.300  2.300  2.300  2.300  2.300  2.300  2.300  2.300  2.300  2.300  2.300  2.300  2.300  2.300  2.300  2.300  2.300  2.300  2.300  2.300
  2.300  2.300  2.300  2.300  2.300  2.300  2.300  2.300  2.300  2.300  2.300  2.300  2.300  2.300  2.300  2.300  2.300  2.300  2.300  2.300  2.300  2.300  2.300  2.300  2.300  2.300  2.300  2.300  2.300  2.300  2.300  2.300  2.300  2.300  2.300  2.300
  2.300  2.300  2.300  2.300  2.300  2.300  2.300  2.300  2.300  2.300  2.300  2.300  2.300  2.300  2.300  2.300  2.300  2.300  2.300  2.300  2.300  2.300  2.300  2.300  2.300  2.300  2.300  2.300  2.300  2.300  2.300  2.300  2.300  2.300  2.300  2.300
  2.300  2.300  2.300  2.300  2.300  2.300  2.300  2.300  2.300  2.300  2.300  2.300  2.300  2.300  2.300  2.300  2.300  2.300  2.300  2.300  2.300  2.300  2.300  2.300  2.300  2.300  2.300  2.300  2.300  2.300  2.300  2.300  2.300  2.300  2.300  2.300
  2.300  2.300  2.300  2.300  2.300  2.300  2.300  2.300  2.300  2.300  2.300  2.300  2.300  2.300  2.300  2.300  2.300  2.300  2.300  2.300  2.300  2.300  2.300  2.300  2.300  2.300  2.300  2.300  2.300  2.300  2.300  2.300  2.300  2.300  2.300  2.300
  2.300  2.300  2.300  2.300  2.300  2.300  2.300  2.300  2.300  2.300  2.300  2.300  2.300  2.300  2.300  2.300  2.300  2.300  2.300  2.300  2.300  2.300  2.300  2.300  2.300  2.300  2.300  2.300  2.300  2.300  2.300  2.300  2.300  2.300  2.300  2.300
  2.300  2.300  2.300  2.300  2.300  2.300  2.300  2.300  2.300  2.300  2.300  2.300  2.300  2.300  2.300  2.300  2.300  2.300  2.300  2.300  2.300  2.300  2.300  2.300  2.300  2.300  2.300  2.300  2.300  2.300  2.300  2.300  2.300  2.300  2.300  2.300
  2.300  2.300  2.300  2.300  2.300  2.300  2.300  2.300  2.300  2.300  2.300  2.300  2.300  2.300  2.300  2.300  2.300  2.300  2.300  2.300  2.300  2.300  2.300  2.300  2.300  2.300  2.300  2.300  2.300  2.300  2.300  2.300  2.300  2.300  2.300  2.300
  2.300  2.300  2.300  2.300  2.300  2.300  2.300  2.300  2.300  2.300  2.300  2.300  2.300  2.300  2.300  2.300  2.300  2.300  2.300  2.300  2.300  2.300  2.300  2.300  2.300  2.300  2.300  2.300  2.300  2.300  2.300  2.300  2.300  2.300  2.300  2.300
  2.300  2.300  2.300  2.300  2.300  2.300  2.300  2.300  2.300  2.300  2.300  2.300  2.300  2.300  2.300  2.300  2.300  2.300  2.300  2.300  2.300  2.300  2.300  2.300  2.300  2.300  2.300  2.300  2.300  2.300  2.300  2.300  2.300  2.300  2.300  2.300
  2.300  2.300  2.300  2.300  2.300  2.300  2.300  2.300  2.300  2.300  2.300  2.300  2.300  2.300  2.300  2.300  2.300  2.300  2.300  2.300  2.300  2.300  2.300  2.300  2.300  2.300  2.300  2.300  2.300  2.300  2.300  2.300  2.300  2.300  2.300  2.300
  2.300  2.300  2.300  2.300  2.300  2.300  2.300  2.300  2.300  2.300  2.300  2.300  2.300  2.300  2.300  2.300  2.300  2.300  2.300  2.300  2.300  2.300  2.300  2.300  2.300  2.300  2.300  2.300  2.300  2.300  2.300  2.300  2.300  2.300  2.300  2.300
  2.300  2.300  2.300  2.300  2.300  2.300  2.300  2.300  2.300  2.300  2.300  2.300  2.300  2.300  2.300  2.300  2.300  2.300  2.300  2.300  2.300  2.300  2.300  2.300  2.300  2.300  2.300  2.300  2.300  2.300  2.300  2.300  2.300  2.300  2.300  2.300
  2.300  2.300  2.300  2.300  2.300  2.300  2.300  2.300  2.300  2.300  2.300  2.300  2.300  2.300  2.300  2.300  2.300  2.300  2.300  2.300  2.300  2.300  2.300  2.300  2.300  2.300  2.300  2.300  2.300  2.300  2.300  2.300  2.300  2.300  2.300  2.300
  2.300  2.300  2.300  2.300  2.300  2.300  2.300  2.300  2.300  2.300  2.300  2.300  2.300  2.300  2.300  2.300  2.300  2.300  2.300  2.300  2.300  2.300  2.300  2.300  2.300  2.300  2.300  2.300  2.300  2.300  2.300  2.300  2.300  2.300  2.300  2.300
  2.300  2.300  2.300  2.300  2.300  2.300  2.300  2.300  2.300  2.300  2.300  2.300  2.300  2.300  2.300  2.300  2.300  2.300  2.300  2.300  2.300  2.300  2.300  2.300  2.300  2.300  2.300  2.300  2.300  2.300  2.300  2.300  2.300  2.300  2.300  2.300
