  0.0  1.0  2.0  3.0  4.0  5.0  6.0  7.0  8.0  9.0
  0.800  0.800  0.800  0.800  0.800  0.800  0.800  0.800  0.800  0.800  0.800  0.800  0.800  0.800  0.800  0.800  0.800  0.800  0.800  0.800  0.800  0.800  0.800  0.800  0.800  0.800  0.800  0.800  0.800  0.800  0.800  0.800  0.800  0.800  0.800  0.800
  0.800  0.800  0.800  0.800  0.800  0.800  0.800  0.800  0.800  0.800  0.800  0.800  0.800  0.800  0.800  0.800  0.800  0.800  0.800  0.800  0.800  0.800  0.800  0.800  0.800  0.800  0.800  0.800  0.800  0.800  0.800  0.800  0.800  0.800  0.800  0.800
  0.800  0.800  0.800  0.800  0.800  0.800  0.800  0.800  0.800  0.800  0.800  0.800  0.800  0.800  0.800  0.800  0.800  0.800  0.800  0.800  0.800  0.800  0.800  0.800  0.800  0.800  0.800  0.800  0.800  0.800  0.800  0.800  0.800  0.800  0.800  0.800
  0.800  0.800  0.800  0.800  0.800  0.800  0.800  0.800  0.800  0.800  0.800  0.800  0.800  0.800  0.800  0.800  0.800  0.800  0.800  0.800  0.800  0.800  0.800  0.800  0.800  0.800  0.800  0.800  0.800  0.800  0.800  0.800  0.800  0.800  0.800  0.800
  0.800  0.800  0.800  0.800  0.800  0.800  0.800  0.800  0.800  0.800  0.800  0.800  0.800  0.800  0.800  0.800  0.800  0.800  0.800  0.800  0.800  0.800  0.800  0.800  0.800  0.800  0.800  0.800  0.800  0.800  0.800  0.800  0.800  0.800  0.800  0.800
  0.800  0.800  0.800  0.800  0.800  0.800  0.800  0.800  0.800  0.800  0.800  0.800  0.800  0.800  0.800  0.800  0.800  0.800  0.800  0.800  0.800  0.800  0.800  0.800  0.800  0.800  0.800  0.800  0.800  0.800  0.800  0.800  0.800  0.800  0.800  0.800
  0.800  0.800  0.800  0.800  0.800  0.800  0.800  0.800  0.800  0.800  0.800  0.800  0.800  0.800  0.800  0.800  0.800  0.800  0.800  0.800  0.800  0.800  0.800  0.800  0.800  0.800  0.800  0.800  0.800  0.800  0.800  0.800  0.800  0.800  0.800  0.800
  0.800  0.800  0.800  0.800  0.800  0.800  0.800  0.800  0.800  0.800  0.800  0.800  0.800  0.800  0.800  0.800  0.800  0.800  0.800  0.800  0.800  0.800  0.800  0.800  0.800  0.800  0.800  0.800  0.800  0.800  0.800  0.800  0.800  0.800  0.800  0.800
  0.800  0.800  0.800  0.800  0.800  0.800  0.800  0.800  0.800  0.800  0.800  0.800  0.800  0.800  0.800  0.800  0.800  0.800  0.800  0.800  0.800  0.800  0.800  0.800  0.800  0.800  0.800  0.800  0.800  0.800  0.800  0.800  0.800  0.800  0.800  0.800
  0.800  0.800  0.800  0.800  0.800  0.800  0.800  0.800  0.800  0.800  0.800  0.800  0.800  0.800  0.800  0.800  0.800  0.800  0.800  0.800  0.800  0.800  0.800  0.800  0.800  0.800  0.800  0.800  0.800  0.800  0.800  0.800  0.800  0.800  0.800  0.800
  0.800  0.800  0.800  0.800  0.800  0.800  0.800  0.800  0.800  0.800  0.800  0.800  0.800  0.800  0.800  0.800  0.800  0.800  0.800  0.800  0.800  0.800  0.800  0.800  0.800  0.800  0.800  0.800  0.800  0.800  0.800  0.800  0.800  0.800  0.800  0.800
  0.800  0.800  0.800  0.800  0.800  0.800  0.800  0.800  0.800  0.800  0.800  0.800  0.800  0.800  0.800  0.800  0.800  0.800  0.800  0.800  0.800  0.800  0.800  0.800  0.800  0.800  0.800  0.800  0.800  0.800  0.800  0.800  0.800  0.800  0.800  0.800
  0.800  0.800  0.800  0.800  0.800  0.800  0.800  0.800  0.800  0.800  0.800  0.800  0.800  0.800  0.800  0.800  0.800  0.800  0.800  0.800  0.800  0.800  0.800  0.800  0.800  0.800  0.800  0.800  0.800  0.800  0.800  0.800  0.800  0.800  0.800  0.800
  0.800  0.800  0.800  0.800  0.800  0.800  0.800  0.800  0.800  0.800  0.800  0.800  0.800  0.800  0.800  0.800  0.800  0.800  0.800  0.800  0.800  0.800  0.800  0.800  0.800  0.800  0.800  0.800  0.800  0.800  0.800  0.800  0.800  0.800  0.800  0.800
  0.800  0.800  0.800  0.800  0.800  0.800  0.800  0.800  0.800  0.800  0.800  0.800  0.800  0.800  0.800  0.800  0.800  0.800  0.800  0.800  0.800  0.800  0.800  0.800  0.800  0.800  0.800  0.800  0.800  0.800  0.800  0.800  0.800  0.800  0.800  0.800
  0.800  0.800  0.800  0.800  0.800  0.800  0.800  0.800  0.800  0.800  0.800  0.800  0.800  0.800  0.800  0.800  0.800  0.800  0.800  0.800  0.800  0.800  0.800  0.800  0.800  0.800  0.800  0.800  0.800  0.800  0.800  0.800  0.800  0.800  0.800  0.800
  0.800  0.800  0.800  0.800  0.800  0.800  0.800  0.800  0.800  0.800  0.800  0.800  0.800  0.800  0.800  0.800  0.800  0.800  0.800  0.800  0.800  0.800  0.800  0.800  0.800  0.800  0.800  0.800  0.800  0.800  0.800  0.800  0.800  0.800  0.800  0.800
  0.800  0.800  0.800  0.800  0.800  0.800  0.800  0.800  0.800  0.800  0.800  0.800  0.800  0.800  0.800  0.800  0.800  0.800  0.800  0.800  0.800  0.800  0.800  0.800  0.800  0.800  0.800  0.800  0.800  0.800  0.800  0.800  0.800  0.800  0.800  0.800
  0.800  0.800  0.800  0.800  0.800  0.800  0.800  0.800  0.800  0.800  0.800  0.800  0.800  0.800  0.800  0.800  0.800  0.800  0.800  0.800  0.800  0.800  0.800  0.800  0.800  0.800  0.800  0.800  0.800  0.800  0.800  0.800  0.800  0.800  0.800  0.800
  0.800  0.800  0.800  0.800  0.800  0.800  0.800  0.800  0.800  0.800  0.800  0.800  0.800  0.800  0.800  0.800  0.800  0.800  0.800  0.800  0.800  0.800  0.800  0.800  0.800  0.800  0.800  0.800  0.800  0.800  0.800  0.800  0.800  0.800  0.800  0.800
  0.800  0.800  0.800  0.800  0.800  0.800  0.800  0.800  0.800  0.800  0.800  0.800  0.800  0.800  0.800  0.800  0.800  0.800  0.800  0.800  0.800  0.800  0.800  0.800  0.800  0.800  0.800  0.800  0.800  0.800  0.800  0.800  0.800  0.800  0.800  0.800
  0.800  0.800  0.800  0.800  0.800  0.800  0.800  0.800  0.800  0.800  0.800  0.800  0.800  0.800  0.800  0.800  0.800  0.800  0.800  0.800  0.800  0.800  0.800  0.800  0.800  0.800  0.800  0.800  0.800  0.800  0.800  0.800  0.800  0.800  0.800  0.800
  0.800  0.800  0.800  0.800  0.800  0.800  0.800  0.800  0.800  0.800  0.800  0.800  0.800  0.800  0.800  0.800  0.800  0.800  0.800  0.800  0.800  0.800  0.800  0.800  0.800  0.800  0.800  0.800  0.800  0.800  0.800  0.800  0.800  0.800  0.800  0.800
  0.800  0.800  0.800  0.800  0.800  0.800  0.800  0.800  0.800  0.800  0.800  0.800  0.800  0.800  0.800  0.800  0.800  0.800  0.800  0.800  0.800  0.800  0.800  0.800  0.800  0.800  0.800  0.800  0.800  0.800  0.800  0.800  0.800  0.800  0.800  0.800
  0.800  0.800  0.800  0.800  0.800  0.800  0.800  0.800  0.800  0.800  0.800  0.800  0.800  0.800  0.800  0.800  0.800  0.800  0.800  0.800  0.800  0.800  0.800  0.800  0.800  0.800  0.800  0.800  0.800  0.800  0.800  0.800  0.800  0.800  0.800  0.800
  0.800  0.800  0.800  0.800  0.800  0.800  0.800  0.800  0.800  0.800  0.800  0.800  0.800  0.800  0.800  0.800  0.800  0.800  0.800  0.800  0.800  0.800  0.800  0.800  0.800  0.800  0.800  0.800  0.800  0.800  0.800  0.800  0.800  0.800  0.800  0.800
  0.800  0.800  0.800  0.800  0.800  0.800  0.800  0.800  0.800  0.800  0.800  0.800  0.800  0.800  0.800  0.800  0.800  0.800  0.800  0.800  0.800  0.800  0.800  0.800  0.800  0.800  0.800  0.800  0.800  0.800  0.800  0.800  0.800  0.800  0.800  0.800
  0.800  0.800  0.800  0.800  0.800  0.800  0.800  0.800  0.800  0.800  0.800  0.800  0.800  0.800  0.800  0.800  0.800  0.800  0.800  0.800  0.800  0.800  0.800  0.800  0.800  0.800  0.800  0.800  0.800  0.800  0.800  0.800  0.800  0.800  0.800  0.800
  0.800  0.800  0.800  0.800  0.800  0.800  0.800  0.800  0.800  0.800  0.800  0.800  0.800  0.800  0.800  0.800  0.800  0.800  0.800  0.800  0.800  0.800  0.800  0.800  0.800  0.800  0.800  0.800  0.800  0.800  0.800  0.800  0.800  0.800  0.800  0.800
  0.800  0.800  0.800  0.800  0.800  0.800  0.800  0.800  0.800  0.800  0.800  0.800  0.800  0.800  0.800  0.800  0.800  0.800  0.800  0.800  0.800  0.800  0.800  0.800  0.800  0.800  0.800  0.800  0.800  0.800  0.800  0.800  0.800  0.800  0.800  0.800
  0.800  0.800  0.800  0.800  0.800  0.800  0.800  0.800  0.800  0.800  0.800  0.800  0.800  0.800  0.800  0.800  0.800  0.800  0.800  0.800  0.800  0.800  0.800  0.800  0.800  0.800  0.800  0.800  0.800  0.800  0.800  0.800  0.800  0.800  0.800  0.800
  0.800  0.800  0.800  0.800  0.800  0.800  0.800  0.800  0.800  0.800  0.800  0.800  0.800  0.800  0.800  0.800  0.800  0.800  0.800  0.800  0.800  0.800  0.800  0.800  0.800  0.800  0.800  0.800  0.800  0.800  0.800  0.800  0.800  0.800  0.800  0.800
  0.800  0.800  0.800  0.800  0.800  0.800  0.800  0.800  0.800  0.800  0.800  0.800  0.800  0.800  0.800  0.800  0.800  0.800  0.800  0.800  0.800  0.800  0.800  0.800  0.800  0.800  0.800  0.800  0.800  0.800  0.800  0.800  0.800  0.800  0.800  0.800
  0.800  0.800  0.800  0.800  0.800  0.800  0.800  0.800  0.800  0.800  0.800  0.800  0.800  0.800  0.800  0.800  0.800  0.800  0.800  0.800  0.800  0.800  0.800  0.800  0.800  0.800  0.800  0.800  0.800  0.800  0.800  0.800  0.800  0.800  0.800  0.800
  0.800  0.800  0.800  0.800  0.800  0.800  0.800  0.800  0.800  0.800  0.800  0.800  0.800  0.800  0.800  0.800  0.800  0.800  0.800  0.800  0.800  0.800  0.800  0.800  0.800  0.800  0.800  0.800  0.800  0.800  0.800  0.800  0.800  0.800  0.800  0.800
  0.800  0.800  0.800  0.800  0.800  0.800  0.800  0.800  0.800  0.800  0.800  0.800  0.800  0.800  0.800  0.800  0.800  0.800  0.800  0.800  0.800  0.800  0.800  0.800  0.800  0.800  0.800  0.800  0.800  0.800  0.800  0.800  0.800  0.800  0.800  0.800
  0.850  0.850  0.850  0.850  0.850  0.850  0.850  0.850  0.850  0.850  0.850  0.850  0.850  0.850  0.850  0.850  0.850  0.850  0.850  0.850  0.850  0.850  0.850  0.850  0.850  0.850  0.850  0.850  0.850  0.850  0.850  0.850  0.850  0.850  0.850  0.850
  0.850  0.850  0.850  0.850  0.850  0.850  0.850  0.850  0.850  0.850  0.850  0.850  0.850  0.850  0.850  0.850  0.850  0.850  0.850  0.850  0.850  0.850  0.850  0.850  0.850  0.850  0.850  0.850  0.850  0.850  0.850  0.850  0.850  0.850  0.850  0.850
  0.850  0.850  0.850  0.850  0.850  0.850  0.850  0.850  0.850  0.850  0.850  0.850  0.850  0.850  0.850  0.850  0.850  0.850  0.850  0.850  0.850  0.850  0.850  0.850  0.850  0.850  0.850  0.850  0.850  0.850  0.850  0.850  0.850  0.850  0.850  0.850
  0.850  0.850  0.850  0.850  0.850  0.850  0.850  0.850  0.850  0.850  0.850  0.850  0.850  0.850  0.850  0.850  0.850  0.850  0.850  0.850  0.850  0.850  0.850  0.850  0.850  0.850  0.850  0.850  0.850  0.850  0.850  0.850  0.850  0.850  0.850  0.850
  0.850  0.850  0.850  0.850  0.850  0.850  0.850  0.850  0.850  0.850  0.850  0.850  0.850  0.850  0.850  0.850  0.850  0.850  0.850  0.850  0.850  0.850  0.850  0.850  0.850  0.850  0.850  0.850  0.850  0.850  0.850  0.850  0.850  0.850  0.850  0.850
  0.850  0.850  0.850  0.850  0.850  0.850  0.850  0.850  0.850  0.850  0.850  0.850  0.850  0.850  0.850  0.850  0.850  0.850  0.850  0.850  0.850  0.850  0.850  0.850  0.850  0.850  0.850  0.850  0.850  0.850  0.850  0.850  0.850  0.850  0.850  0.850
  0.850  0.850  0.850  0.850  0.850  0.850  0.850  0.850  0.850  0.850  0.850  0.850  0.850  0.850  0.850  0.850  0.850  0.850  0.850  0.850  0.850  0.850  0.850  0.850  0.850  0.850  0.850  0.850  0.850  0.850  0.850  0.850  0.850  0.850  0.850  0.850
  0.850  0.850  0.850  0.850  0.850  0.850  0.850  0.850  0.850  0.850  0.850  0.850  0.850  0.850  0.850  0.850  0.850  0.850  0.850  0.850  0.850  0.850  0.850  0.850  0.850  0.850  0.850  0.850  0.850  0.850  0.850  0.850  0.850  0.850  0.850  0.850
  0.850  0.850  0.850  0.850  0.850  0.850  0.850  0.850  0.850  0.850  0.850  0.850  0.850  0.850  0.850  0.850  0.850  0.850  0.850  0.850  0.850  0.850  0.850  0.850  0.850  0.850  0.850  0.850  0.850  0.850  0.850  0.850  0.850  0.850  0.850  0.850
  0.850  0.850  0.850  0.850  0.850  0.850  0.850  0.850  0.850  0.850  0.850  0.850  0.850  0.850  0.850  0.850  0.850  0.850  0.850  0.850  0.850  0.850  0.850  0.850  0.850  0.850  0.850  0.850  0.850  0.850  0.850  0.850  0.850  0.850  0.850  0.850
  0.850  0.850  0.850  0.850  0.850  0.850  0.850  0.850  0.850  0.850  0.850  0.850  0.850  0.850  0.850  0.850  0.850  0.850  0.850  0.850  0.850  0.850  0.850  0.850  0.850  0.850  0.850  0.850  0.850  0.850  0.850  0.850  0.850  0.850  0.850  0.850
  0.850  0.850  0.850  0.850  0.850  0.850  0.850  0.850  0.850  0.850  0.850  0.850  0.850  0.850  0.850  0.850  0.850  0.850  0.850  0.850  0.850  0.850  0.850  0.850  0.850  0.850  0.850  0.850  0.850  0.850  0.850  0.850  0.850  0.850  0.850  0.850
  0.850  0.850  0.850  0.850  0.850  0.850  0.850  0.850  0.850  0.850  0.850  0.850  0.850  0.850  0.850  0.850  0.850  0.850  0.850  0.850  0.850  0.850  0.850  0.850  0.850  0.850  0.850  0.850  0.850  0.850  0.850  0.850  0.850  0.850  0.850  0.850
  0.850  0.850  0.850  0.850  0.850  0.850  0.850  0.850  0.850  0.850  0.850  0.850  0.850  0.850  0.850  0.850  0.850  0.850  0.850  0.850  0.850  0.850  0.850  0.850  0.850  0.850  0.850  0.850  0.850  0.850  0.850  0.850  0.850  0.850  0.850  0.850
  0.850  0.850  0.850  0.850  0.850  0.850  0.850  0.850  0.850  0.850  0.850  0.850  0.850  0.850  0.850  0.850  0.850  0.850  0.850  0.850  0.850  0.850  0.850  0.850  0.850  0.850  0.850  0.850  0.850  0.850  0.850  0.850  0.850  0.850  0.850  0.850
  0.850  0.850  0.850  0.850  0.850  0.850  0.850  0.850  0.850  0.850  0.850  0.850  0.850  0.850  0.850  0.850  0.850  0.850  0.850  0.850  0.850  0.850  0.850  0.850  0.850  0.850  0.850  0.850  0.850  0.850  0.850  0.850  0.850  0.850  0.850  0.850
  0.850  0.850  0.850  0.850  0.850  0.850  0.850  0.850  0.850  0.850  0.850  0.850  0.850  0.850  0.850  0.850  0.850  0.850  0.850  0.850  0.850  0.850  0.850  0.850  0.850  0.850  0.850  0.850  0.850  0.850  0.850  0.850  0.850  0.850  0.850  0.850
  0.850  0.850  0.850  0.850  0.850  0.850  0.850  0.850  0.850  0.850  0.850  0.850  0.850  0.850  0.850  0.850  0.850  0.850  0.850  0.850  0.850  0.850  0.850  0.850  0.850  0.850  0.850  0.850  0.850  0.850  0.850  0.850  0.850  0.850  0.850  0.850
  0.850  0.850  0.850  0.850  0.850  0.850  0.850  0.850  0.850  0.850  0.850  0.850  0.850  0.850  0.850  0.850  0.850  0.850  0.850  0.850  0.850  0.850  0.850  0.850  0.850  0.850  0.850  0.850  0.850  0.850  0.850  0.850  0.850  0.850  0.850  0.850
  0.850  0.850  0.850  0.850  0.850  0.850  0.850  0.850  0.850  0.850  0.850  0.850  0.850  0.850  0.850  0.850  0.850  0.850  0.850  0.850  0.850  0.850  0.850  0.850  0.850  0.850  0.850  0.850  0.850  0.850  0.850  0.850  0.850  0.850  0.850  0.850
  0.850  0.850  0.850  0.850  0.850  0.850  0.850  0.850  0.850  0.850  0.850  0.850  0.850  0.850  0.850  0.850  0.850  0.850  0.850  0.850  0.850  0.850  0.850  0.850  0.850  0.850  0.850  0.850  0.850  0.850  0.850  0.850  0.850  0.850  0.850  0.850
  0.850  0.850  0.850  0.850  0.850  0.850  0.850  0.850  0.850  0.850  0.850  0.850  0.850  0.850  0.850  0.850  0.850  0.850  0.850  0.850  0.850  0.850  0.850  0.850  0.850  0.850  0.850  0.850  0.850  0.850  0.850  0.850  0.850  0.850  0.850  0.850
  0.850  0.850  0.850  0.850  0.850  0.850  0.850  0.850  0.850  0.850  0.850  0.850  0.850  0.850  0.850  0.850  0.850  0.850  0.850  0.850  0.850  0.850  0.850  0.850  0.850  0.850  0.850  0.850  0.850  0.850  0.850  0.850  0.850  0.850  0.850  0.850
  0.850  0.850  0.850  0.850  0.850  0.850  0.850  0.850  0.850  0.850  0.850  0.850  0.850  0.850  0.850  0.850  0.850  0.850  0.850  0.850  0.850  0.850  0.850  0.850  0.850  0.850  0.850  0.850  0.850  0.850  0.850  0.850  0.850  0.850  0.850  0.850
  0.850  0.850  0.850  0.850  0.850  0.850  0.850  0.850  0.850  0.850  0.850  0.850  0.850  0.850  0.850  0.850  0.850  0.850  0.850  0.850  0.850  0.850  0.850  0.850  0.850  0.850  0.850  0.850  0.850  0.850  0.850  0.850  0.850  0.850  0.850  0.850
  0.850  0.850  0.850  0.850  0.850  0.850  0.850  0.850  0.850  0.850  0.850  0.850  0.850  0.850  0.850  0.850  0.850  0.850  0.850  0.850  0.850  0.850  0.850  0.850  0.850  0.850  0.850  0.850  0.850  0.850  0.850  0.850  0.850  0.850  0.850  0.850
  0.850  0.850  0.850  0.850  0.850  0.850  0.850  0.850  0.850  0.850  0.850  0.850  0.850  0.850  0.850  0.850  0.850  0.850  0.850  0.850  0.850  0.850  0.850  0.850  0.850  0.850  0.850  0.850  0.850  0.850  0.850  0.850  0.850  0.850  0.850  0.850
  0.850  0.850  0.850  0.850  0.850  0.850  0.850  0.850  0.850  0.850  0.850  0.850  0.850  0.850  0.850  0.850  0.850  0.850  0.850  0.850  0.850  0.850  0.850  0.850  0.850  0.850  0.850  0.850  0.850  0.850  0.850  0.850  0.850  0.850  0.850  0.850
  0.850  0.850  0.850  0.850  0.850  0.850  0.850  0.850  0.850  0.850  0.850  0.850  0.850  0.850  0.850  0.850  0.850  0.850  0.850  0.850  0.850  0.850  0.850  0.850  0.850  0.850  0.850  0.850  0.850  0.850  0.850  0.850  0.850  0.850  0.850  0.850
  0.850  0.850  0.850  0.850  0.850  0.850  0.850  0.850  0.850  0.850  0.850  0.850  0.850  0.850  0.850  0.850  0.850  0.850  0.850  0.850  0.850  0.850  0.850  0.850  0.850  0.850  0.850  0.850  0.850  0.850  0.850  0.850  0.850  0.850  0.850  0.850
  0.850  0.850  0.850  0.850  0.850  0.850  0.850  0.850  0.850  0.850  0.850  0.850  0.850  0.850  0.850  0.850  0.850  0.850  0.850  0.850  0.850  0.850  0.850  0.850  0.850  0.850  0.850  0.850  0.850  0.850  0.850  0.850  0.850  0.850  0.850  0.850
  0.850  0.850  0.850  0.850  0.850  0.850  0.850  0.850  0.850  0.850  0.850  0.850  0.850  0.850  0.850  0.850  0.850  0.850  0.850  0.850  0.850  0.850  0.850  0.850  0.850  0.850  0.850  0.850  0.850  0.850  0.850  0.850  0.850  0.850  0.850  0.850
  0.850  0.850  0.850  0.850  0.850  0.850  0.850  0.850  0.850  0.850  0.850  0.850  0.850  0.850  0.850  0.850  0.850  0.850  0.850  0.850  0.850  0.850  0.850  0.850  0.850  0.850  0.850  0.850  0.850  0.850  0.850  0.850  0.850  0.850  0.850  0.850
  0.850  0.850  0.850  0.850  0.850  0.850  0.850  0.850  0.850  0.850  0.850  0.850  0.850  0.850  0.850  0.850  0.850  0.850  0.850  0.850  0.850  0.850  0.850  0.850  0.850  0.850  0.850  0.850  0.850  0.850  0.850  0.850  0.850  0.850  0.850  0.850
  0.850  0.850  0.850  0.850  0.850  0.850  0.850  0.850  0.850  0.850  0.850  0.850  0.850  0.850  0.850  0.850  0.850  0.850  0.850  0.850  0.850  0.850  0.850  0.850  0.850  0.850  0.850  0.850  0.850  0.850  0.850  0.850  0.850  0.850  0.850  0.850
  0.850  0.850  0.850  0.850  0.850  0.850  0.850  0.850  0.850  0.850  0.850  0.850  0.850  0.850  0.850  0.850  0.850  0.850  0.850  0.850  0.850  0.850  0.850  0.850  0.850  0.850  0.850  0.850  0.850  0.850  0.850  0.850  0.850  0.850  0.850  0.850
  0.900  0.900  0.900  0.900  0.900  0.900  0.900  0.900  0.900  0.900  0.900  0.900  0.900  0.900  0.900  0.900  0.900  0.900  0.900  0.900  0.900  0.900  0.900  0.900  0.900  0.900  0.900  0.900  0.900  0.900  0.900  0.900  0.900  0.900  0.900  0.900
  0.900  0.900  0.900  0.900  0.900  0.900  0.900  0.900  0.900  0.900  0.900  0.900  0.900  0.900  0.900  0.900  0.900  0.900  0.900  0.900  0.900  0.900  0.900  0.900  0.900  0.900  0.900  0.900  0.900  0.900  0.900  0.900  0.900  0.900  0.900  0.900
  0.900  0.900  0.900  0.900  0.900  0.900  0.900  0.900  0.900  0.900  0.900  0.900  0.900  0.900  0.900  0.900  0.900  0.900  0.900  0.900  0.900  0.900  0.900  0.900  0.900  0.900  0.900  0.900  0.900  0.900  0.900  0.900  0.900  0.900  0.900  0.900
  0.900  0.900  0.900  0.900  0.900  0.900  0.900  0.900  0.900  0.900  0.900  0.900  0.900  0.900  0.900  0.900  0.900  0.900  0.900  0.900  0.900  0.900  0.900  0.900  0.900  0.900  0.900  0.900  0.900  0.900  0.900  0.900  0.900  0.900  0.900  0.900
  0.900  0.900  0.900  0.900  0.900  0.900  0.900  0.900  0.900  0.900  0.900  0.900  0.900  0.900  0.900  0.900  0.900  0.900  0.900  0.900  0.900  0.900  0.900  0.900  0.900  0.900  0.900  0.900  0.900  0.900  0.900  0.900  0.900  0.900  0.900  0.900
  0.900  0.900  0.900  0.900  0.900  0.900  0.900  0.900  0.900  0.900  0.900  0.900  0.900  0.900  0.900  0.900  0.900  0.900  0.900  0.900  0.900  0.900  0.900  0.900  0.900  0.900  0.900  0.900  0.900  0.900  0.900  0.900  0.900  0.900  0.900  0.900
  0.900  0.900  0.900  0.900  0.900  0.900  0.900  0.900  0.900  0.900  0.900  0.900  0.900  0.900  0.900  0.900  0.900  0.900  0.900  0.900  0.900  0.900  0.900  0.900  0.900  0.900  0.900  0.900  0.900  0.900  0.900  0.900  0.900  0.900  0.900  0.900
  0.900  0.900  0.900  0.900  0.900  0.900  0.900  0.900  0.900  0.900  0.900  0.900  0.900  0.900  0.900  0.900  0.900  0.900  0.900  0.900  0.900  0.900  0.900  0.900  0.900  0.900  0.900  0.900  0.900  0.900  0.900  0.900  0.900  0.900  0.900  0.900
  0.900  0.900  0.900  0.900  0.900  0.900  0.900  0.900  0.900  0.900  0.900  0.900  0.900  0.900  0.900  0.900  0.900  0.900  0.900  0.900  0.900  0.900  0.900  0.900  0.900  0.900  0.900  0.900  0.900  0.900  0.900  0.900  0.900  0.900  0.900  0.900
  0.900  0.900  0.900  0.900  0.900  0.900  0.900  0.900  0.900  0.900  0.900  0.900  0.900  0.900  0.900  0.900  0.900  0.900  0.900  0.900  0.900  0.900  0.900  0.900  0.900  0.900  0.900  0.900  0.900  0.900  0.900  0.900  0.900  0.900  0.900  0.900
  0.900  0.900  0.900  0.900  0.900  0.900  0.900  0.900  0.900  0.900  0.900  0.900  0.900  0.900  0.900  0.900  0.900  0.900  0.900  0.900  0.900  0.900  0.900  0.900  0.900  0.900  0.900  0.900  0.900  0.900  0.900  0.900  0.900  0.900  0.900  0.900
  0.900  0.900  0.900  0.900  0.900  0.900  0.900  0.900  0.900  0.900  0.900  0.900  0.900  0.900  0.900  0.900  0.900  0.900  0.900  0.900  0.900  0.900  0.900  0.900  0.900  0.900  0.900  0.900  0.900  0.900  0.900  0.900  0.900  0.900  0.900  0.900
  0.900  0.900  0.900  0.900  0.900  0.900  0.900  0.900  0.900  0.900  0.900  0.900  0.900  0.900  0.900  0.900  0.900  0.900  0.900  0.900  0.900  0.900  0.900  0.900  0.900  0.900  0.900  0.900  0.900  0.900  0.900  0.900  0.900  0.900  0.900  0.900
  0.900  0.900  0.900  0.900  0.900  0.900  0.900  0.900  0.900  0.900  0.900  0.900  0.900  0.900  0.900  0.900  0.900  0.900  0.900  0.900  0.900  0.900  0.900  0.900  0.900  0.900  0.900  0.900  0.900  0.900  0.900  0.900  0.900  0.900  0.900  0.900
  0.900  0.900  0.900  0.900  0.900  0.900  0.900  0.900  0.900  0.900  0.900  0.900  0.900  0.900  0.900  0.900  0.900  0.900  0.900  0.900  0.900  0.900  0.900  0.900  0.900  0.900  0.900  0.900  0.900  0.900  0.900  0.900  0.900  0.900  0.900  0.900
  0.900  0.900  0.900  0.900  0.900  0.900  0.900  0.900  0.900  0.900  0.900  0.900  0.900  0.900  0.900  0.900  0.900  0.900  0.900  0.900  0.900  0.900  0.900  0.900  0.900  0.900  0.900  0.900  0.900  0.900  0.900  0.900  0.900  0.900  0.900  0.900
  0.900  0.900  0.900  0.900  0.900  0.900  0.900  0.900  0.900  0.900  0.900  0.900  0.900  0.900  0.900  0.900  0.900  0.900  0.900  0.900  0.900  0.900  0.900  0.900  0.900  0.900  0.900  0.900  0.900  0.900  0.900  0.900  0.900  0.900  0.900  0.900
  0.900  0.900  0.900  0.900  0.900  0.900  0.900  0.900  0.900  0.900  0.900  0.900  0.900  0.900  0.900  0.900  0.900  0.900  0.900  0.900  0.900  0.900  0.900  0.900  0.900  0.900  0.900  0.900  0.900  0.900  0.900  0.900  0.900  0.900  0.900  0.900
  0.900  0.900  0.900  0.900  0.900  0.900  0.900  0.900  0.900  0.900  0.900  0.900  0.900  0.900  0.900  0.900  0.900  0.900  0.900  0.900  0.900  0.900  0.900  0.900  0.900  0.900  0.900  0.900  0.900  0.900  0.900  0.900  0.900  0.900  0.900  0.900
  0.900  0.900  0.900  0.900  0.900  0.900  0.900  0.900  0.900  0.900  0.900  0.900  0.900  0.900  0.900  0.900  0.900  0.900  0.900  0.900  0.900  0.900  0.900  0.900  0.900  0.900  0.900  0.900  0.900  0.900  0.900  0.900  0.900  0.900  0.900  0.900
  0.900  0.900  0.900  0.900  0.900  0.900  0.900  0.900  0.900  0.900  0.900  0.900  0.900  0.900  0.900  0.900  0.900  0.900  0.900  0.900  0.900  0.900  0.900  0.900  0.900  0.900  0.900  0.900  0.900  0.900  0.900  0.900  0.900  0.900  0.900  0.900
  0.900  0.900  0.900  0.900  0.900  0.900  0.900  0.900  0.900  0.900  0.900  0.900  0.900  0.900  0.900  0.900  0.900  0.900  0.900  0.900  0.900  0.900  0.900  0.900  0.900  0.900  0.900  0.900  0.900  0.900  0.900  0.900  0.900  0.900  0.900  0.900
  0.900  0.900  0.900  0.900  0.900  0.900  0.900  0.900  0.900  0.900  0.900  0.900  0.900  0.900  0.900  0.900  0.900  0.900  0.900  0.900  0.900  0.900  0.900  0.900  0.900  0.900  0.900  0.900  0.900  0.900  0.900  0.900  0.900  0.900  0.900  0.900
  0.900  0.900  0.900  0.900  0.900  0.900  0.900  0.900  0.900  0.900  0.900  0.900  0.900  0.900  0.900  0.900  0.900  0.900  0.900  0.900  0.900  0.900  0.900  0.900  0.900  0.900  0.900  0.900  0.900  0.900  0.900  0.900  0.900  0.900  0.900  0.900
  0.900  0.900  0.900  0.900  0.900  0.900  0.900  0.900  0.900  0.900  0.900  0.900  0.900  0.900  0.900  0.900  0.900  0.900  0.900  0.900  0.900  0.900  0.900  0.900  0.900  0.900  0.900  0.900  0.900  0.900  0.900  0.900  0.900  0.900  0.900  0.900
  0.900  0.900  0.900  0.900  0.900  0.900  0.900  0.900  0.900  0.900  0.900  0.900  0.900  0.900  0.900  0.900  0.900  0.900  0.900  0.900  0.900  0.900  0.900  0.900  0.900  0.900  0.900  0.900  0.900  0.900  0.900  0.900  0.900  0.900  0.900  0.900
  0.900  0.900  0.900  0.900  0.900  0.900  0.900  0.900  0.900  0.900  0.900  0.900  0.900  0.900  0.900  0.900  0.900  0.900  0.900  0.900  0.900  0.900  0.900  0.900  0.900  0.900  0.900  0.900  0.900  0.900  0.900  0.900  0.900  0.900  0.900  0.900
  0.900  0.900  0.900  0.900  0.900  0.900  0.900  0.900  0.900  0.900  0.900  0.900  0.900  0.900  0.900  0.900  0.900  0.900  0.900  0.900  0.900  0.900  0.900  0.900  0.900  0.900  0.900  0.900  0.900  0.900  0.900  0.900  0.900  0.900  0.900  0.900
  0.900  0.900  0.900  0.900  0.900  0.900  0.900  0.900  0.900  0.900  0.900  0.900  0.900  0.900  0.900  0.900  0.900  0.900  0.900  0.900  0.900  0.900  0.900  0.900  0.900  0.900  0.900  0.900  0.900  0.900  0.900  0.900  0.900  0.900  0.900  0.900
  0.900  0.900  0.900  0.900  0.900  0.900  0.900  0.900  0.900  0.900  0.900  0.900  0.900  0.900  0.900  0.900  0.900  0.900  0.900  0.900  0.900  0.900  0.900  0.900  0.900  0.900  0.900  0.900  0.900  0.900  0.900  0.900  0.900  0.900  0.900  0.900
  0.900  0.900  0.900  0.900  0.900  0.900  0.900  0.900  0.900  0.900  0.900  0.900  0.900  0.900  0.900  0.900  0.900  0.900  0.900  0.900  0.900  0.900  0.900  0.900  0.900  0.900  0.900  0.900  0.900  0.900  0.900  0.900  0.900  0.900  0.900  0.900
  0.900  0.900  0.900  0.900  0.900  0.900  0.900  0.900  0.900  0.900  0.900  0.900  0.900  0.900  0.900  0.900  0.900  0.900  0.900  0.900  0.900  0.900  0.900  0.900  0.900  0.900  0.900  0.900  0.900  0.900  0.900  0.900  0.900  0.900  0.900  0.900
  0.900  0.900  0.900  0.900  0.900  0.900  0.900  0.900  0.900  0.900  0.900  0.900  0.900  0.900  0.900  0.900  0.900  0.900  0.900  0.900  0.900  0.900  0.900  0.900  0.900  0.900  0.900  0.900  0.900  0.900  0.900  0.900  0.900  0.900  0.900  0.900
  0.900  0.900  0.900  0.900  0.900  0.900  0.900  0.900  0.900  0.900  0.900  0.900  0.900  0.900  0.900  0.900  0.900  0.900  0.900  0.900  0.900  0.900  0.900  0.900  0.900  0.900  0.900  0.900  0.900  0.900  0.900  0.900  0.900  0.900  0.900  0.900
  0.900  0.900  0.900  0.900  0.900  0.900  0.900  0.900  0.900  0.900  0.900  0.900  0.900  0.900  0.900  0.900  0.900  0.900  0.900  0.900  0.900  0.900  0.900  0.900  0.900  0.900  0.900  0.900  0.900  0.900  0.900  0.900  0.900  0.900  0.900  0.900
  0.900  0.900  0.900  0.900  0.900  0.900  0.900  0.900  0.900  0.900  0.900  0.900  0.900  0.900  0.900  0.900  0.900  0.900  0.900  0.900  0.900  0.900  0.900  0.900  0.900  0.900  0.900  0.900  0.900  0.900  0.900  0.900  0.900  0.900  0.900  0.900
  0.950  0.950  0.950  0.950  0.950  0.950  0.950  0.950  0.950  0.950  0.950  0.950  0.950  0.950  0.950  0.950  0.950  0.950  0.950  0.950  0.950  0.950  0.950  0.950  0.950  0.950  0.950  0.950  0.950  0.950  0.950  0.950  0.950  0.950  0.950  0.950
  0.950  0.950  0.950  0.950  0.950  0.950  0.950  0.950  0.950  0.950  0.950  0.950  0.950  0.950  0.950  0.950  0.950  0.950  0.950  0.950  0.950  0.950  0.950  0.950  0.950  0.950  0.950  0.950  0.950  0.950  0.950  0.950  0.950  0.950  0.950  0.950
  0.950  0.950  0.950  0.950  0.950  0.950  0.950  0.950  0.950  0.950  0.950  0.950  0.950  0.950  0.950  0.950  0.950  0.950  0.950  0.950  0.950  0.950  0.950  0.950  0.950  0.950  0.950  0.950  0.950  0.950  0.950  0.950  0.950  0.950  0.950  0.950
  0.950  0.950  0.950  0.950  0.950  0.950  0.950  0.950  0.950  0.950  0.950  0.950  0.950  0.950  0.950  0.950  0.950  0.950  0.950  0.950  0.950  0.950  0.950  0.950  0.950  0.950  0.950  0.950  0.950  0.950  0.950  0.950  0.950  0.950  0.950  0.950
  0.950  0.950  0.950  0.950  0.950  0.950  0.950  0.950  0.950  0.950  0.950  0.950  0.950  0.950  0.950  0.950  0.950  0.950  0.950  0.950  0.950  0.950  0.950  0.950  0.950  0.950  0.950  0.950  0.950  0.950  0.950  0.950  0.950  0.950  0.950  0.950
  0.950  0.950  0.950  0.950  0.950  0.950  0.950  0.950  0.950  0.950  0.950  0.950  0.950  0.950  0.950  0.950  0.950  0.950  0.950  0.950  0.950  0.950  0.950  0.950  0.950  0.950  0.950  0.950  0.950  0.950  0.950  0.950  0.950  0.950  0.950  0.950
  0.950  0.950  0.950  0.950  0.950  0.950  0.950  0.950  0.950  0.950  0.950  0.950  0.950  0.950  0.950  0.950  0.950  0.950  0.950  0.950  0.950  0.950  0.950  0.950  0.950  0.950  0.950  0.950  0.950  0.950  0.950  0.950  0.950  0.950  0.950  0.950
  0.950  0.950  0.950  0.950  0.950  0.950  0.950  0.950  0.950  0.950  0.950  0.950  0.950  0.950  0.950  0.950  0.950  0.950  0.950  0.950  0.950  0.950  0.950  0.950  0.950  0.950  0.950  0.950  0.950  0.950  0.950  0.950  0.950  0.950  0.950  0.950
  0.950  0.950  0.950  0.950  0.950  0.950  0.950  0.950  0.950  0.950  0.950  0.950  0.950  0.950  0.950  0.950  0.950  0.950  0.950  0.950  0.950  0.950  0.950  0.950  0.950  0.950  0.950  0.950  0.950  0.950  0.950  0.950  0.950  0.950  0.950  0.950
  0.950  0.950  0.950  0.950  0.950  0.950  0.950  0.950  0.950  0.950  0.950  0.950  0.950  0.950  0.950  0.950  0.950  0.950  0.950  0.950  0.950  0.950  0.950  0.950  0.950  0.950  0.950  0.950  0.950  0.950  0.950  0.950  0.950  0.950  0.950  0.950
  0.950  0.950  0.950  0.950  0.950  0.950  0.950  0.950  0.950  0.950  0.950  0.950  0.950  0.950  0.950  0.950  0.950  0.950  0.950  0.950  0.950  0.950  0.950  0.950  0.950  0.950  0.950  0.950  0.950  0.950  0.950  0.950  0.950  0.950  0.950  0.950
  0.950  0.950  0.950  0.950  0.950  0.950  0.950  0.950  0.950  0.950  0.950  0.950  0.950  0.950  0.950  0.950  0.950  0.950  0.950  0.950  0.950  0.950  0.950  0.950  0.950  0.950  0.950  0.950  0.950  0.950  0.950  0.950  0.950  0.950  0.950  0.950
  0.950  0.950  0.950  0.950  0.950  0.950  0.950  0.950  0.950  0.950  0.950  0.950  0.950  0.950  0.950  0.950  0.950  0.950  0.950  0.950  0.950  0.950  0.950  0.950  0.950  0.950  0.950  0.950  0.950  0.950  0.950  0.950  0.950  0.950  0.950  0.950
  0.950  0.950  0.950  0.950  0.950  0.950  0.950  0.950  0.950  0.950  0.950  0.950  0.950  0.950  0.950  0.950  0.950  0.950  0.950  0.950  0.950  0.950  0.950  0.950  0.950  0.950  0.950  0.950  0.950  0.950  0.950  0.950  0.950  0.950  0.950  0.950
  0.950  0.950  0.950  0.950  0.950  0.950  0.950  0.950  0.950  0.950  0.950  0.950  0.950  0.950  0.950  0.950  0.950  0.950  0.950  0.950  0.950  0.950  0.950  0.950  0.950  0.950  0.950  0.950  0.950  0.950  0.950  0.950  0.950  0.950  0.950  0.950
  0.950  0.950  0.950  0.950  0.950  0.950  0.950  0.950  0.950  0.950  0.950  0.950  0.950  0.950  0.950  0.950  0.950  0.950  0.950  0.950  0.950  0.950  0.950  0.950  0.950  0.950  0.950  0.950  0.950  0.950  0.950  0.950  0.950  0.950  0.950  0.950
  0.950  0.950  0.950  0.950  0.950  0.950  0.950  0.950  0.950  0.950  0.950  0.950  0.950  0.950  0.950  0.950  0.950  0.950  0.950  0.950  0.950  0.950  0.950  0.950  0.950  0.950  0.950  0.950  0.950  0.950  0.950  0.950  0.950  0.950  0.950  0.950
  0.950  0.950  0.950  0.950  0.950  0.950  0.950  0.950  0.950  0.950  0.950  0.950  0.950  0.950  0.950  0.950  0.950  0.950  0.950  0.950  0.950  0.950  0.950  0.950  0.950  0.950  0.950  0.950  0.950  0.950  0.950  0.950  0.950  0.950  0.950  0.950
  0.950  0.950  0.950  0.950  0.950  0.950  0.950  0.950  0.950  0.950  0.950  0.950  0.950  0.950  0.950  0.950  0.950  0.950  0.950  0.950  0.950  0.950  0.950  0.950  0.950  0.950  0.950  0.950  0.950  0.950  0.950  0.950  0.950  0.950  0.950  0.950
  0.950  0.950  0.950  0.950  0.950  0.950  0.950  0.950  0.950  0.950  0.950  0.950  0.950  0.950  0.950  0.950  0.950  0.950  0.950  0.950  0.950  0.950  0.950  0.950  0.950  0.950  0.950  0.950  0.950  0.950  0.950  0.950  0.950  0.950  0.950  0.950
  0.950  0.950  0.950  0.950  0.950  0.950  0.950  0.950  0.950  0.950  0.950  0.950  0.950  0.950  0.950  0.950  0.950  0.950  0.950  0.950  0.950  0.950  0.950  0.950  0.950  0.950  0.950  0.950  0.950  0.950  0.950  0.950  0.950  0.950  0.950  0.950
  0.950  0.950  0.950  0.950  0.950  0.950  0.950  0.950  0.950  0.950  0.950  0.950  0.950  0.950  0.950  0.950  0.950  0.950  0.950  0.950  0.950  0.950  0.950  0.950  0.950  0.950  0.950  0.950  0.950  0.950  0.950  0.950  0.950  0.950  0.950  0.950
  0.950  0.950  0.950  0.950  0.950  0.950  0.950  0.950  0.950  0.950  0.950  0.950  0.950  0.950  0.950  0.950  0.950  0.950  0.950  0.950  0.950  0.950  0.950  0.950  0.950  0.950  0.950  0.950  0.950  0.950  0.950  0.950  0.950  0.950  0.950  0.950
  0.950  0.950  0.950  0.950  0.950  0.950  0.950  0.950  0.950  0.950  0.950  0.950  0.950  0.950  0.950  0.950  0.950  0.950  0.950  0.950  0.950  0.950  0.950  0.950  0.950  0.950  0.950  0.950  0.950  0.950  0.950  0.950  0.950  0.950  0.950  0.950
  0.950  0.950  0.950  0.950  0.950  0.950  0.950  0.950  0.950  0.950  0.950  0.950  0.950  0.950  0.950  0.950  0.950  0.950  0.950  0.950  0.950  0.950  0.950  0.950  0.950  0.950  0.950  0.950  0.950  0.950  0.950  0.950  0.950  0.950  0.950  0.950
  0.950  0.950  0.950  0.950  0.950  0.950  0.950  0.950  0.950  0.950  0.950  0.950  0.950  0.950  0.950  0.950  0.950  0.950  0.950  0.950  0.950  0.950  0.950  0.950  0.950  0.950  0.950  0.950  0.950  0.950  0.950  0.950  0.950  0.950  0.950  0.950
  0.950  0.950  0.950  0.950  0.950  0.950  0.950  0.950  0.950  0.950  0.950  0.950  0.950  0.950  0.950  0.950  0.950  0.950  0.950  0.950  0.950  0.950  0.950  0.950  0.950  0.950  0.950  0.950  0.950  0.950  0.950  0.950  0.950  0.950  0.950  0.950
  0.950  0.950  0.950  0.950  0.950  0.950  0.950  0.950  0.950  0.950  0.950  0.950  0.950  0.950  0.950  0.950  0.950  0.950  0.950  0.950  0.950  0.950  0.950  0.950  0.950  0.950  0.950  0.950  0.950  0.950  0.950  0.950  0.950  0.950  0.950  0.950
  0.950  0.950  0.950  0.950  0.950  0.950  0.950  0.950  0.950  0.950  0.950  0.950  0.950  0.950  0.950  0.950  0.950  0.950  0.950  0.950  0.950  0.950  0.950  0.950  0.950  0.950  0.950  0.950  0.950  0.950  0.950  0.950  0.950  0.950  0.950  0.950
  0.950  0.950  0.950  0.950  0.950  0.950  0.950  0.950  0.950  0.950  0.950  0.950  0.950  0.950  0.950  0.950  0.950  0.950  0.950  0.950  0.950  0.950  0.950  0.950  0.950  0.950  0.950  0.950  0.950  0.950  0.950  0.950  0.950  0.950  0.950  0.950
  0.950  0.950  0.950  0.950  0.950  0.950  0.950  0.950  0.950  0.950  0.950  0.950  0.950  0.950  0.950  0.950  0.950  0.950  0.950  0.950  0.950  0.950  0.950  0.950  0.950  0.950  0.950  0.950  0.950  0.950  0.950  0.950  0.950  0.950  0.950  0.950
  0.950  0.950  0.950  0.950  0.950  0.950  0.950  0.950  0.950  0.950  0.950  0.950  0.950  0.950  0.950  0.950  0.950  0.950  0.950  0.950  0.950  0.950  0.950  0.950  0.950  0.950  0.950  0.950  0.950  0.950  0.950  0.950  0.950  0.950  0.950  0.950
  0.950  0.950  0.950  0.950  0.950  0.950  0.950  0.950  0.950  0.950  0.950  0.950  0.950  0.950  0.950  0.950  0.950  0.950  0.950  0.950  0.950  0.950  0.950  0.950  0.950  0.950  0.950  0.950  0.950  0.950  0.950  0.950  0.950  0.950  0.950  0.950
  0.950  0.950  0.950  0.950  0.950  0.950  0.950  0.950  0.950  0.950  0.950  0.950  0.950  0.950  0.950  0.950  0.950  0.950  0.950  0.950  0.950  0.950  0.950  0.950  0.950  0.950  0.950  0.950  0.950  0.950  0.950  0.950  0.950  0.950  0.950  0.950
  0.950  0.950  0.950  0.950  0.950  0.950  0.950  0.950  0.950  0.950  0.950  0.950  0.950  0.950  0.950  0.950  0.950  0.950  0.950  0.950  0.950  0.950  0.950  0.950  0.950  0.950  0.950  0.950  0.950  0.950  0.950  0.950  0.950  0.950  0.950  0.950
  0.950  0.950  0.950  0.950  0.950  0.950  0.950  0.950  0.950  0.950  0.950  0.950  0.950  0.950  0.950  0.950  0.950  0.950  0.950  0.950  0.950  0.950  0.950  0.950  0.950  0.950  0.950  0.950  0.950  0.950  0.950  0.950  0.950  0.950  0.950  0.950
  1.000  1.000  1.000  1.000  1.000  1.000  1.000  1.000  1.000  1.000  1.000  1.000  1.000  1.000  1.000  1.000  1.000  1.000  1.000  1.000  1.000  1.000  1.000  1.000  1.000  1.000  1.000  1.000  1.000  1.000  1.000  1.000  1.000  1.000  1.000  1.000
  1.000  1.000  1.000  1.000  1.000  1.000  1.000  1.000  1.000  1.000  1.000  1.000  1.000  1.000  1.000  1.000  1.000  1.000  1.000  1.000  1.000  1.000  1.000  1.000  1.000  1.000  1.000  1.000  1.000  1.000  1.000  1.000  1.000  1.000  1.000  1.000
  1.000  1.000  1.000  1.000  1.000  1.000  1.000  1.000  1.000  1.000  1.000  1.000  1.000  1.000  1.000  1.000  1.000  1.000  1.000  1.000  1.000  1.000  1.000  1.000  1.000  1.000  1.000  1.000  1.000  1.000  1.000  1.000  1.000  1.000  1.000  1.000
  1.000  1.000  1.000  1.000  1.000  1.000  1.000  1.000  1.000  1.000  1.000  1.000  1.000  1.000  1.000  1.000  1.000  1.000  1.000  1.000  1.000  1.000  1.000  1.000  1.000  1.000  1.000  1.000  1.000  1.000  1.000  1.000  1.000  1.000  1.000  1.000
  1.000  1.000  1.000  1.000  1.000  1.000  1.000  1.000  1.000  1.000  1.000  1.000  1.000  1.000  1.000  1.000  1.000  1.000  1.000  1.000  1.000  1.000  1.000  1.000  1.000  1.000  1.000  1.000  1.000  1.000  1.000  1.000  1.000  1.000  1.000  1.000
  1.000  1.000  1.000  1.000  1.000  1.000  1.000  1.000  1.000  1.000  1.000  1.000  1.000  1.000  1.000  1.000  1.000  1.000  1.000  1.000  1.000  1.000  1.000  1.000  1.000  1.000  1.000  1.000  1.000  1.000  1.000  1.000  1.000  1.000  1.000  1.000
  1.000  1.000  1.000  1.000  1.000  1.000  1.000  1.000  1.000  1.000  1.000  1.000  1.000  1.000  1.000  1.000  1.000  1.000  1.000  1.000  1.000  1.000  1.000  1.000  1.000  1.000  1.000  1.000  1.000  1.000  1.000  1.000  1.000  1.000  1.000  1.000
  1.000  1.000  1.000  1.000  1.000  1.000  1.000  1.000  1.000  1.000  1.000  1.000  1.000  1.000  1.000  1.000  1.000  1.000  1.000  1.000  1.000  1.000  1.000  1.000  1.000  1.000  1.000  1.000  1.000  1.000  1.000  1.000  1.000  1.000  1.000  1.000
  1.000  1.000  1.000  1.000  1.000  1.000  1.000  1.000  1.000  1.000  1.000  1.000  1.000  1.000  1.000  1.000  1.000  1.000  1.000  1.000  1.000  1.000  1.000  1.000  1.000  1.000  1.000  1.000  1.000  1.000  1.000  1.000  1.000  1.000  1.000  1.000
  1.000  1.000  1.000  1.000  1.000  1.000  1.000  1.000  1.000  1.000  1.000  1.000  1.000  1.000  1.000  1.000  1.000  1.000  1.000  1.000  1.000  1.000  1.000  1.000  1.000  1.000  1.000  1.000  1.000  1.000  1.000  1.000  1.000  1.000  1.000  1.000
  1.000  1.000  1.000  1.000  1.000  1.000  1.000  1.000  1.000  1.000  1.000  1.000  1.000  1.000  1.000  1.000  1.000  1.000  1.000  1.000  1.000  1.000  1.000  1.000  1.000  1.000  1.000  1.000  1.000  1.000  1.000  1.000  1.000  1.000  1.000  1.000
  1.000  1.000  1.000  1.000  1.000  1.000  1.000  1.000  1.000  1.000  1.000  1.000  1.000  1.000  1.000  1.000  1.000  1.000  1.000  1.000  1.000  1.000  1.000  1.000  1.000  1.000  1.000  1.000  1.000  1.000  1.000  1.000  1.000  1.000  1.000  1.000
  1.000  1.000  1.000  1.000  1.000  1.000  1.000  1.000  1.000  1.000  1.000  1.000  1.000  1.000  1.000  1.000  1.000  1.000  1.000  1.000  1.000  1.000  1.000  1.000  1.000  1.000  1.000  1.000  1.000  1.000  1.000  1.000  1.000  1.000  1.000  1.000
  1.000  1.000  1.000  1.000  1.000  1.000  1.000  1.000  1.000  1.000  1.000  1.000  1.000  1.000  1.000  1.000  1.000  1.000  1.000  1.000  1.000  1.000  1.000  1.000  1.000  1.000  1.000  1.000  1.000  1.000  1.000  1.000  1.000  1.000  1.000  1.000
  1.000  1.000  1.000  1.000  1.000  1.000  1.000  1.000  1.000  1.000  1.000  1.000  1.000  1.000  1.000  1.000  1.000  1.000  1.000  1.000  1.000  1.000  1.000  1.000  1.000  1.000  1.000  1.000  1.000  1.000  1.000  1.000  1.000  1.000  1.000  1.000
  1.000  1.000  1.000  1.000  1.000  1.000  1.000  1.000  1.000  1.000  1.000  1.000  1.000  1.000  1.000  1.000  1.000  1.000  1.000  1.000  1.000  1.000  1.000  1.000  1.000  1.000  1.000  1.000  1.000  1.000  1.000  1.000  1.000  1.000  1.000  1.000
  1.000  1.000  1.000  1.000  1.000  1.000  1.000  1.000  1.000  1.000  1.000  1.000  1.000  1.000  1.000  1.000  1.000  1.000  1.000  1.000  1.000  1.000  1.000  1.000  1.000  1.000  1.000  1.000  1.000  1.000  1.000  1.000  1.000  1.000  1.000  1.000
  1.000  1.000  1.000  1.000  1.000  1.000  1.000  1.000  1.000  1.000  1.000  1.000  1.000  1.000  1.000  1.000  1.000  1.000  1.000  1.000  1.000  1.000  1.000  1.000  1.000  1.000  1.000  1.000  1.000  1.000  1.000  1.000  1.000  1.000  1.000  1.000
  1.000  1.000  1.000  1.000  1.000  1.000  1.000  1.000  1.000  1.000  1.000  1.000  1.000  1.000  1.000  1.000  1.000  1.000  1.000  1.000  1.000  1.000  1.000  1.000  1.000  1.000  1.000  1.000  1.000  1.000  1.000  1.000  1.000  1.000  1.000  1.000
  1.000  1.000  1.000  1.000  1.000  1.000  1.000  1.000  1.000  1.000  1.000  1.000  1.000  1.000  1.000  1.000  1.000  1.000  1.000  1.000  1.000  1.000  1.000  1.000  1.000  1.000  1.000  1.000  1.000  1.000  1.000  1.000  1.000  1.000  1.000  1.000
  1.000  1.000  1.000  1.000  1.000  1.000  1.000  1.000  1.000  1.000  1.000  1.000  1.000  1.000  1.000  1.000  1.000  1.000  1.000  1.000  1.000  1.000  1.000  1.000  1.000  1.000  1.000  1.000  1.000  1.000  1.000  1.000  1.000  1.000  1.000  1.000
  1.000  1.000  1.000  1.000  1.000  1.000  1.000  1.000  1.000  1.000  1.000  1.000  1.000  1.000  1.000  1.000  1.000  1.000  1.000  1.000  1.000  1.000  1.000  1.000  1.000  1.000  1.000  1.000  1.000  1.000  1.000  1.000  1.000  1.000  1.000  1.000
  1.000  1.000  1.000  1.000  1.000  1.000  1.000  1.000  1.000  1.000  1.000  1.000  1.000  1.000  1.000  1.000  1.000  1.000  1.000  1.000  1.000  1.000  1.000  1.000  1.000  1.000  1.000  1.000  1.000  1.000  1.000  1.000  1.000  1.000  1.000  1.000
  1.000  1.000  1.000  1.000  1.000  1.000  1.000  1.000  1.000  1.000  1.000  1.000  1.000  1.000  1.000  1.000  1.000  1.000  1.000  1.000  1.000  1.000  1.000  1.000  1.000  1.000  1.000  1.000  1.000  1.000  1.000  1.000  1.000  1.000  1.000  1.000
  1.000  1.000  1.000  1.000  1.000  1.000  1.000  1.000  1.000  1.000  1.000  1.000  1.000  1.000  1.000  1.000  1.000  1.000  1.000  1.000  1.000  1.000  1.000  1.000  1.000  1.000  1.000  1.000  1.000  1.000  1.000  1.000  1.000  1.000  1.000  1.000
  1.000  1.000  1.000  1.000  1.000  1.000  1.000  1.000  1.000  1.000  1.000  1.000  1.000  1.000  1.000  1.000  1.000  1.000  1.000  1.000  1.000  1.000  1.000  1.000  1.000  1.000  1.000  1.000  1.000  1.000  1.000  1.000  1.000  1.000  1.000  1.000
  1.000  1.000  1.000  1.000  1.000  1.000  1.000  1.000  1.000  1.000  1.000  1.000  1.000  1.000  1.000  1.000  1.000  1.000  1.000  1.000  1.000  1.000  1.000  1.000  1.000  1.000  1.000  1.000  1.000  1.000  1.000  1.000  1.000  1.000  1.000  1.000
  1.000  1.000  1.000  1.000  1.000  1.000  1.000  1.000  1.000  1.000  1.000  1.000  1.000  1.000  1.000  1.000  1.000  1.000  1.000  1.000  1.000  1.000  1.000  1.000  1.000  1.000  1.000  1.000  1.000  1.000  1.000  1.000  1.000  1.000  1.000  1.000
  1.000  1.000  1.000  1.000  1.000  1.000  1.000  1.000  1.000  1.000  1.000  1.000  1.000  1.000  1.000  1.000  1.000  1.000  1.000  1.000  1.000  1.000  1.000  1.000  1.000  1.000  1.000  1.000  1.000  1.000  1.000  1.000  1.000  1.000  1.000  1.000
  1.000  1.000  1.000  1.000  1.000  1.000  1.000  1.000  1.000  1.000  1.000  1.000  1.000  1.000  1.000  1.000  1.000  1.000  1.000  1.000  1.000  1.000  1.000  1.000  1.000  1.000  1.000  1.000  1.000  1.000  1.000  1.000  1.000  1.000  1.000  1.000
  1.000  1.000  1.000  1.000  1.000  1.000  1.000  1.000  1.000  1.000  1.000  1.000  1.000  1.000  1.000  1.000  1.000  1.000  1.000  1.000  1.000  1.000  1.000  1.000  1.000  1.000  1.000  1.000  1.000  1.000  1.000  1.000  1.000  1.000  1.000  1.000
  1.000  1.000  1.000  1.000  1.000  1.000  1.000  1.000  1.000  1.000  1.000  1.000  1.000  1.000  1.000  1.000  1.000  1.000  1.000  1.000  1.000  1.000  1.000  1.000  1.000  1.000  1.000  1.000  1.000  1.000  1.000  1.000  1.000  1.000  1.000  1.000
  1.000  1.000  1.000  1.000  1.000  1.000  1.000  1.000  1.000  1.000  1.000  1.000  1.000  1.000  1.000  1.000  1.000  1.000  1.000  1.000  1.000  1.000  1.000  1.000  1.000  1.000  1.000  1.000  1.000  1.000  1.000  1.000  1.000  1.000  1.000  1.000
  1.000  1.000  1.000  1.000  1.000  1.000  1.000  1.000  1.000  1.000  1.000  1.000  1.000  1.000  1.000  1.000  1.000  1.000  1.000  1.000  1.000  1.000  1.000  1.000  1.000  1.000  1.000  1.000  1.000  1.000  1.000  1.000  1.000  1.000  1.000  1.000
  1.000  1.000  1.000  1.000  1.000  1.000  1.000  1.000  1.000  1.000  1.000  1.000  1.000  1.000  1.000  1.000  1.000  1.000  1.000  1.000  1.000  1.000  1.000  1.000  1.000  1.000  1.000  1.000  1.000  1.000  1.000  1.000  1.000  1.000  1.000  1.000
  1.000  1.000  1.000  1.000  1.000  1.000  1.000  1.000  1.000  1.000  1.000  1.000  1.000  1.000  1.000  1.000  1.000  1.000  1.000  1.000  1.000  1.000  1.000  1.000  1.000  1.000  1.000  1.000  1.000  1.000  1.000  1.000  1.000  1.000  1.000  1.000
  1.050  1.050  1.050  1.050  1.050  1.050  1.050  1.050  1.050  1.050  1.050  1.050  1.050  1.050  1.050  1.050  1.050  1.050  1.050  1.050  1.050  1.050  1.050  1.050  1.050  1.050  1.050  1.050  1.050  1.050  1.050  1.050  1.050  1.050  1.050  1.050
  1.050  1.050  1.050  1.050  1.050  1.050  1.050  1.050  1.050  1.050  1.050  1.050  1.050  1.050  1.050  1.050  1.050  1.050  1.050  1.050  1.050  1.050  1.050  1.050  1.050  1.050  1.050  1.050  1.050  1.050  1.050  1.050  1.050  1.050  1.050  1.050
  1.050  1.050  1.050  1.050  1.050  1.050  1.050  1.050  1.050  1.050  1.050  1.050  1.050  1.050  1.050  1.050  1.050  1.050  1.050  1.050  1.050  1.050  1.050  1.050  1.050  1.050  1.050  1.050  1.050  1.050  1.050  1.050  1.050  1.050  1.050  1.050
  1.050  1.050  1.050  1.050  1.050  1.050  1.050  1.050  1.050  1.050  1.050  1.050  1.050  1.050  1.050  1.050  1.050  1.050  1.050  1.050  1.050  1.050  1.050  1.050  1.050  1.050  1.050  1.050  1.050  1.050  1.050  1.050  1.050  1.050  1.050  1.050
  1.050  1.050  1.050  1.050  1.050  1.050  1.050  1.050  1.050  1.050  1.050  1.050  1.050  1.050  1.050  1.050  1.050  1.050  1.050  1.050  1.050  1.050  1.050  1.050  1.050  1.050  1.050  1.050  1.050  1.050  1.050  1.050  1.050  1.050  1.050  1.050
  1.050  1.050  1.050  1.050  1.050  1.050  1.050  1.050  1.050  1.050  1.050  1.050  1.050  1.050  1.050  1.050  1.050  1.050  1.050  1.050  1.050  1.050  1.050  1.050  1.050  1.050  1.050  1.050  1.050  1.050  1.050  1.050  1.050  1.050  1.050  1.050
  1.050  1.050  1.050  1.050  1.050  1.050  1.050  1.050  1.050  1.050  1.050  1.050  1.050  1.050  1.050  1.050  1.050  1.050  1.050  1.050  1.050  1.050  1.050  1.050  1.050  1.050  1.050  1.050  1.050  1.050  1.050  1.050  1.050  1.050  1.050  1.050
  1.050  1.050  1.050  1.050  1.050  1.050  1.050  1.050  1.050  1.050  1.050  1.050  1.050  1.050  1.050  1.050  1.050  1.050  1.050  1.050  1.050  1.050  1.050  1.050  1.050  1.050  1.050  1.050  1.050  1.050  1.050  1.050  1.050  1.050  1.050  1.050
  1.050  1.050  1.050  1.050  1.050  1.050  1.050  1.050  1.050  1.050  1.050  1.050  1.050  1.050  1.050  1.050  1.050  1.050  1.050  1.050  1.050  1.050  1.050  1.050  1.050  1.050  1.050  1.050  1.050  1.050  1.050  1.050  1.050  1.050  1.050  1.050
  1.050  1.050  1.050  1.050  1.050  1.050  1.050  1.050  1.050  1.050  1.050  1.050  1.050  1.050  1.050  1.050  1.050  1.050  1.050  1.050  1.050  1.050  1.050  1.050  1.050  1.050  1.050  1.050  1.050  1.050  1.050  1.050  1.050  1.050  1.050  1.050
  1.050  1.050  1.050  1.050  1.050  1.050  1.050  1.050  1.050  1.050  1.050  1.050  1.050  1.050  1.050  1.050  1.050  1.050  1.050  1.050  1.050  1.050  1.050  1.050  1.050  1.050  1.050  1.050  1.050  1.050  1.050  1.050  1.050  1.050  1.050  1.050
  1.050  1.050  1.050  1.050  1.050  1.050  1.050  1.050  1.050  1.050  1.050  1.050  1.050  1.050  1.050  1.050  1.050  1.050  1.050  1.050  1.050  1.050  1.050  1.050  1.050  1.050  1.050  1.050  1.050  1.050  1.050  1.050  1.050  1.050  1.050  1.050
  1.050  1.050  1.050  1.050  1.050  1.050  1.050  1.050  1.050  1.050  1.050  1.050  1.050  1.050  1.050  1.050  1.050  1.050  1.050  1.050  1.050  1.050  1.050  1.050  1.050  1.050  1.050  1.050  1.050  1.050  1.050  1.050  1.050  1.050  1.050  1.050
  1.050  1.050  1.050  1.050  1.050  1.050  1.050  1.050  1.050  1.050  1.050  1.050  1.050  1.050  1.050  1.050  1.050  1.050  1.050  1.050  1.050  1.050  1.050  1.050  1.050  1.050  1.050  1.050  1.050  1.050  1.050  1.050  1.050  1.050  1.050  1.050
  1.050  1.050  1.050  1.050  1.050  1.050  1.050  1.050  1.050  1.050  1.050  1.050  1.050  1.050  1.050  1.050  1.050  1.050  1.050  1.050  1.050  1.050  1.050  1.050  1.050  1.050  1.050  1.050  1.050  1.050  1.050  1.050  1.050  1.050  1.050  1.050
  1.050  1.050  1.050  1.050  1.050  1.050  1.050  1.050  1.050  1.050  1.050  1.050  1.050  1.050  1.050  1.050  1.050  1.050  1.050  1.050  1.050  1.050  1.050  1.050  1.050  1.050  1.050  1.050  1.050  1.050  1.050  1.050  1.050  1.050  1.050  1.050
  1.050  1.050  1.050  1.050  1.050  1.050  1.050  1.050  1.050  1.050  1.050  1.050  1.050  1.050  1.050  1.050  1.050  1.050  1.050  1.050  1.050  1.050  1.050  1.050  1.050  1.050  1.050  1.050  1.050  1.050  1.050  1.050  1.050  1.050  1.050  1.050
  1.050  1.050  1.050  1.050  1.050  1.050  1.050  1.050  1.050  1.050  1.050  1.050  1.050  1.050  1.050  1.050  1.050  1.050  1.050  1.050  1.050  1.050  1.050  1.050  1.050  1.050  1.050  1.050  1.050  1.050  1.050  1.050  1.050  1.050  1.050  1.050
  1.050  1.050  1.050  1.050  1.050  1.050  1.050  1.050  1.050  1.050  1.050  1.050  1.050  1.050  1.050  1.050  1.050  1.050  1.050  1.050  1.050  1.050  1.050  1.050  1.050  1.050  1.050  1.050  1.050  1.050  1.050  1.050  1.050  1.050  1.050  1.050
  1.050  1.050  1.050  1.050  1.050  1.050  1.050  1.050  1.050  1.050  1.050  1.050  1.050  1.050  1.050  1.050  1.050  1.050  1.050  1.050  1.050  1.050  1.050  1.050  1.050  1.050  1.050  1.050  1.050  1.050  1.050  1.050  1.050  1.050  1.050  1.050
  1.050  1.050  1.050  1.050  1.050  1.050  1.050  1.050  1.050  1.050  1.050  1.050  1.050  1.050  1.050  1.050  1.050  1.050  1.050  1.050  1.050  1.050  1.050  1.050  1.050  1.050  1.050  1.050  1.050  1.050  1.050  1.050  1.050  1.050  1.050  1.050
  1.050  1.050  1.050  1.050  1.050  1.050  1.050  1.050  1.050  1.050  1.050  1.050  1.050  1.050  1.050  1.050  1.050  1.050  1.050  1.050  1.050  1.050  1.050  1.050  1.050  1.050  1.050  1.050  1.050  1.050  1.050  1.050  1.050  1.050  1.050  1.050
  1.050  1.050  1.050  1.050  1.050  1.050  1.050  1.050  1.050  1.050  1.050  1.050  1.050  1.050  1.050  1.050  1.050  1.050  1.050  1.050  1.050  1.050  1.050  1.050  1.050  1.050  1.050  1.050  1.050  1.050  1.050  1.050  1.050  1.050  1.050  1.050
  1.050  1.050  1.050  1.050  1.050  1.050  1.050  1.050  1.050  1.050  1.050  1.050  1.050  1.050  1.050  1.050  1.050  1.050  1.050  1.050  1.050  1.050  1.050  1.050  1.050  1.050  1.050  1.050  1.050  1.050  1.050  1.050  1.050  1.050  1.050  1.050
  1.050  1.050  1.050  1.050  1.050  1.050  1.050  1.050  1.050  1.050  1.050  1.050  1.050  1.050  1.050  1.050  1.050  1.050  1.050  1.050  1.050  1.050  1.050  1.050  1.050  1.050  1.050  1.050  1.050  1.050  1.050  1.050  1.050  1.050  1.050  1.050
  1.050  1.050  1.050  1.050  1.050  1.050  1.050  1.050  1.050  1.050  1.050  1.050  1.050  1.050  1.050  1.050  1.050  1.050  1.050  1.050  1.050  1.050  1.050  1.050  1.050  1.050  1.050  1.050  1.050  1.050  1.050  1.050  1.050  1.050  1.050  1.050
  1.050  1.050  1.050  1.050  1.050  1.050  1.050  1.050  1.050  1.050  1.050  1.050  1.050  1.050  1.050  1.050  1.050  1.050  1.050  1.050  1.050  1.050  1.050  1.050  1.050  1.050  1.050  1.050  1.050  1.050  1.050  1.050  1.050  1.050  1.050  1.050
  1.050  1.050  1.050  1.050  1.050  1.050  1.050  1.050  1.050  1.050  1.050  1.050  1.050  1.050  1.050  1.050  1.050  1.050  1.050  1.050  1.050  1.050  1.050  1.050  1.050  1.050  1.050  1.050  1.050  1.050  1.050  1.050  1.050  1.050  1.050  1.050
  1.050  1.050  1.050  1.050  1.050  1.050  1.050  1.050  1.050  1.050  1.050  1.050  1.050  1.050  1.050  1.050  1.050  1.050  1.050  1.050  1.050  1.050  1.050  1.050  1.050  1.050  1.050  1.050  1.050  1.050  1.050  1.050  1.050  1.050  1.050  1.050
  1.050  1.050  1.050  1.050  1.050  1.050  1.050  1.050  1.050  1.050  1.050  1.050  1.050  1.050  1.050  1.050  1.050  1.050  1.050  1.050  1.050  1.050  1.050  1.050  1.050  1.050  1.050  1.050  1.050  1.050  1.050  1.050  1.050  1.050  1.050  1.050
  1.050  1.050  1.050  1.050  1.050  1.050  1.050  1.050  1.050  1.050  1.050  1.050  1.050  1.050  1.050  1.050  1.050  1.050  1.050  1.050  1.050  1.050  1.050  1.050  1.050  1.050  1.050  1.050  1.050  1.050  1.050  1.050  1.050  1.050  1.050  1.050
  1.050  1.050  1.050  1.050  1.050  1.050  1.050  1.050  1.050  1.050  1.050  1.050  1.050  1.050  1.050  1.050  1.050  1.050  1.050  1.050  1.050  1.050  1.050  1.050  1.050  1.050  1.050  1.050  1.050  1.050  1.050  1.050  1.050  1.050  1.050  1.050
  1.050  1.050  1.050  1.050  1.050  1.050  1.050  1.050  1.050  1.050  1.050  1.050  1.050  1.050  1.050  1.050  1.050  1.050  1.050  1.050  1.050  1.050  1.050  1.050  1.050  1.050  1.050  1.050  1.050  1.050  1.050  1.050  1.050  1.050  1.050  1.050
  1.050  1.050  1.050  1.050  1.050  1.050  1.050  1.050  1.050  1.050  1.050  1.050  1.050  1.050  1.050  1.050  1.050  1.050  1.050  1.050  1.050  1.050  1.050  1.050  1.050  1.050  1.050  1.050  1.050  1.050  1.050  1.050  1.050  1.050  1.050  1.050
  1.050  1.050  1.050  1.050  1.050  1.050  1.050  1.050  1.050  1.050  1.050  1.050  1.050  1.050  1.050  1.050  1.050  1.050  1.050  1.050  1.050  1.050  1.050  1.050  1.050  1.050  1.050  1.050  1.050  1.050  1.050  1.050  1.050  1.050  1.050  1.050
  1.050  1.050  1.050  1.050  1.050  1.050  1.050  1.050  1.050  1.050  1.050  1.050  1.050  1.050  1.050  1.050  1.050  1.050  1.050  1.050  1.050  1.050  1.050  1.050  1.050  1.050  1.050  1.050  1.050  1.050  1.050  1.050  1.050  1.050  1.050  1.050
  1.100  1.100  1.100  1.100  1.100  1.100  1.100  1.100  1.100  1.100  1.100  1.100  1.100  1.100  1.100  1.100  1.100  1.100  1.100  1.100  1.100  1.100  1.100  1.100  1.100  1.100  1.100  1.100  1.100  1.100  1.100  1.100  1.100  1.100  1.100  1.100
  1.100  1.100  1.100  1.100  1.100  1.100  1.100  1.100  1.100  1.100  1.100  1.100  1.100  1.100  1.100  1.100  1.100  1.100  1.100  1.100  1.100  1.100  1.100  1.100  1.100  1.100  1.100  1.100  1.100  1.100  1.100  1.100  1.100  1.100  1.100  1.100
  1.100  1.100  1.100  1.100  1.100  1.100  1.100  1.100  1.100  1.100  1.100  1.100  1.100  1.100  1.100  1.100  1.100  1.100  1.100  1.100  1.100  1.100  1.100  1.100  1.100  1.100  1.100  1.100  1.100  1.100  1.100  1.100  1.100  1.100  1.100  1.100
  1.100  1.100  1.100  1.100  1.100  1.100  1.100  1.100  1.100  1.100  1.100  1.100  1.100  1.100  1.100  1.100  1.100  1.100  1.100  1.100  1.100  1.100  1.100  1.100  1.100  1.100  1.100  1.100  1.100  1.100  1.100  1.100  1.100  1.100  1.100  1.100
  1.100  1.100  1.100  1.100  1.100  1.100  1.100  1.100  1.100  1.100  1.100  1.100  1.100  1.100  1.100  1.100  1.100  1.100  1.100  1.100  1.100  1.100  1.100  1.100  1.100  1.100  1.100  1.100  1.100  1.100  1.100  1.100  1.100  1.100  1.100  1.100
  1.100  1.100  1.100  1.100  1.100  1.100  1.100  1.100  1.100  1.100  1.100  1.100  1.100  1.100  1.100  1.100  1.100  1.100  1.100  1.100  1.100  1.100  1.100  1.100  1.100  1.100  1.100  1.100  1.100  1.100  1.100  1.100  1.100  1.100  1.100  1.100
  1.100  1.100  1.100  1.100  1.100  1.100  1.100  1.100  1.100  1.100  1.100  1.100  1.100  1.100  1.100  1.100  1.100  1.100  1.100  1.100  1.100  1.100  1.100  1.100  1.100  1.100  1.100  1.100  1.100  1.100  1.100  1.100  1.100  1.100  1.100  1.100
  1.100  1.100  1.100  1.100  1.100  1.100  1.100  1.100  1.100  1.100  1.100  1.100  1.100  1.100  1.100  1.100  1.100  1.100  1.100  1.100  1.100  1.100  1.100  1.100  1.100  1.100  1.100  1.100  1.100  1.100  1.100  1.100  1.100  1.100  1.100  1.100
  1.100  1.100  1.100  1.100  1.100  1.100  1.100  1.100  1.100  1.100  1.100  1.100  1.100  1.100  1.100  1.100  1.100  1.100  1.100  1.100  1.100  1.100  1.100  1.100  1.100  1.100  1.100  1.100  1.100  1.100  1.100  1.100  1.100  1.100  1.100  1.100
  1.100  1.100  1.100  1.100  1.100  1.100  1.100  1.100  1.100  1.100  1.100  1.100  1.100  1.100  1.100  1.100  1.100  1.100  1.100  1.100  1.100  1.100  1.100  1.100  1.100  1.100  1.100  1.100  1.100  1.100  1.100  1.100  1.100  1.100  1.100  1.100
  1.100  1.100  1.100  1.100  1.100  1.100  1.100  1.100  1.100  1.100  1.100  1.100  1.100  1.100  1.100  1.100  1.100  1.100  1.100  1.100  1.100  1.100  1.100  1.100  1.100  1.100  1.100  1.100  1.100  1.100  1.100  1.100  1.100  1.100  1.100  1.100
  1.100  1.100  1.100  1.100  1.100  1.100  1.100  1.100  1.100  1.100  1.100  1.100  1.100  1.100  1.100  1.100  1.100  1.100  1.100  1.100  1.100  1.100  1.100  1.100  1.100  1.100  1.100  1.100  1.100  1.100  1.100  1.100  1.100  1.100  1.100  1.100
  1.100  1.100  1.100  1.100  1.100  1.100  1.100  1.100  1.100  1.100  1.100  1.100  1.100  1.100  1.100  1.100  1.100  1.100  1.100  1.100  1.100  1.100  1.100  1.100  1.100  1.100  1.100  1.100  1.100  1.100  1.100  1.100  1.100  1.100  1.100  1.100
  1.100  1.100  1.100  1.100  1.100  1.100  1.100  1.100  1.100  1.100  1.100  1.100  1.100  1.100  1.100  1.100  1.100  1.100  1.100  1.100  1.100  1.100  1.100  1.100  1.100  1.100  1.100  1.100  1.100  1.100  1.100  1.100  1.100  1.100  1.100  1.100
  1.100  1.100  1.100  1.100  1.100  1.100  1.100  1.100  1.100  1.100  1.100  1.100  1.100  1.100  1.100  1.100  1.100  1.100  1.100  1.100  1.100  1.100  1.100  1.100  1.100  1.100  1.100  1.100  1.100  1.100  1.100  1.100  1.100  1.100  1.100  1.100
  1.100  1.100  1.100  1.100  1.100  1.100  1.100  1.100  1.100  1.100  1.100  1.100  1.100  1.100  1.100  1.100  1.100  1.100  1.100  1.100  1.100  1.100  1.100  1.100  1.100  1.100  1.100  1.100  1.100  1.100  1.100  1.100  1.100  1.100  1.100  1.100
  1.100  1.100  1.100  1.100  1.100  1.100  1.100  1.100  1.100  1.100  1.100  1.100  1.100  1.100  1.100  1.100  1.100  1.100  1.100  1.100  1.100  1.100  1.100  1.100  1.100  1.100  1.100  1.100  1.100  1.100  1.100  1.100  1.100  1.100  1.100  1.100
  1.100  1.100  1.100  1.100  1.100  1.100  1.100  1.100  1.100  1.100  1.100  1.100  1.100  1.100  1.100  1.100  1.100  1.100  1.100  1.100  1.100  1.100  1.100  1.100  1.100  1.100  1.100  1.100  1.100  1.100  1.100  1.100  1.100  1.100  1.100  1.100
  1.100  1.100  1.100  1.100  1.100  1.100  1.100  1.100  1.100  1.100  1.100  1.100  1.100  1.100  1.100  1.100  1.100  1.100  1.100  1.100  1.100  1.100  1.100  1.100  1.100  1.100  1.100  1.100  1.100  1.100  1.100  1.100  1.100  1.100  1.100  1.100
  1.100  1.100  1.100  1.100  1.100  1.100  1.100  1.100  1.100  1.100  1.100  1.100  1.100  1.100  1.100  1.100  1.100  1.100  1.100  1.100  1.100  1.100  1.100  1.100  1.100  1.100  1.100  1.100  1.100  1.100  1.100  1.100  1.100  1.100  1.100  1.100
  1.100  1.100  1.100  1.100  1.100  1.100  1.100  1.100  1.100  1.100  1.100  1.100  1.100  1.100  1.100  1.100  1.100  1.100  1.100  1.100  1.100  1.100  1.100  1.100  1.100  1.100  1.100  1.100  1.100  1.100  1.100  1.100  1.100  1.100  1.100  1.100
  1.100  1.100  1.100  1.100  1.100  1.100  1.100  1.100  1.100  1.100  1.100  1.100  1.100  1.100  1.100  1.100  1.100  1.100  1.100  1.100  1.100  1.100  1.100  1.100  1.100  1.100  1.100  1.100  1.100  1.100  1.100  1.100  1.100  1.100  1.100  1.100
  1.100  1.100  1.100  1.100  1.100  1.100  1.100  1.100  1.100  1.100  1.100  1.100  1.100  1.100  1.100  1.100  1.100  1.100  1.100  1.100  1.100  1.100  1.100  1.100  1.100  1.100  1.100  1.100  1.100  1.100  1.100  1.100  1.100  1.100  1.100  1.100
  1.100  1.100  1.100  1.100  1.100  1.100  1.100  1.100  1.100  1.100  1.100  1.100  1.100  1.100  1.100  1.100  1.100  1.100  1.100  1.100  1.100  1.100  1.100  1.100  1.100  1.100  1.100  1.100  1.100  1.100  1.100  1.100  1.100  1.100  1.100  1.100
  1.100  1.100  1.100  1.100  1.100  1.100  1.100  1.100  1.100  1.100  1.100  1.100  1.100  1.100  1.100  1.100  1.100  1.100  1.100  1.100  1.100  1.100  1.100  1.100  1.100  1.100  1.100  1.100  1.100  1.100  1.100  1.100  1.100  1.100  1.100  1.100
  1.100  1.100  1.100  1.100  1.100  1.100  1.100  1.100  1.100  1.100  1.100  1.100  1.100  1.100  1.100  1.100  1.100  1.100  1.100  1.100  1.100  1.100  1.100  1.100  1.100  1.100  1.100  1.100  1.100  1.100  1.100  1.100  1.100  1.100  1.100  1.100
  1.100  1.100  1.100  1.100  1.100  1.100  1.100  1.100  1.100  1.100  1.100  1.100  1.100  1.100  1.100  1.100  1.100  1.100  1.100  1.100  1.100  1.100  1.100  1.100  1.100  1.100  1.100  1.100  1.100  1.100  1.100  1.100  1.100  1.100  1.100  1.100
  1.100  1.100  1.100  1.100  1.100  1.100  1.100  1.100  1.100  1.100  1.100  1.100  1.100  1.100  1.100  1.100  1.100  1.100  1.100  1.100  1.100  1.100  1.100  1.100  1.100  1.100  1.100  1.100  1.100  1.100  1.100  1.100  1.100  1.100  1.100  1.100
  1.100  1.100  1.100  1.100  1.100  1.100  1.100  1.100  1.100  1.100  1.100  1.100  1.100  1.100  1.100  1.100  1.100  1.100  1.100  1.100  1.100  1.100  1.100  1.100  1.100  1.100  1.100  1.100  1.100  1.100  1.100  1.100  1.100  1.100  1.100  1.100
  1.100  1.100  1.100  1.100  1.100  1.100  1.100  1.100  1.100  1.100  1.100  1.100  1.100  1.100  1.100  1.100  1.100  1.100  1.100  1.100  1.100  1.100  1.100  1.100  1.100  1.100  1.100  1.100  1.100  1.100  1.100  1.100  1.100  1.100  1.100  1.100
  1.100  1.100  1.100  1.100  1.100  1.100  1.100  1.100  1.100  1.100  1.100  1.100  1.100  1.100  1.100  1.100  1.100  1.100  1.100  1.100  1.100  1.100  1.100  1.100  1.100  1.100  1.100  1.100  1.100  1.100  1.100  1.100  1.100  1.100  1.100  1.100
  1.100  1.100  1.100  1.100  1.100  1.100  1.100  1.100  1.100  1.100  1.100  1.100  1.100  1.100  1.100  1.100  1.100  1.100  1.100  1.100  1.100  1.100  1.100  1.100  1.100  1.100  1.100  1.100  1.100  1.100  1.100  1.100  1.100  1.100  1.100  1.100
  1.100  1.100  1.100  1.100  1.100  1.100  1.100  1.100  1.100  1.100  1.100  1.100  1.100  1.100  1.100  1.100  1.100  1.100  1.100  1.100  1.100  1.100  1.100  1.100  1.100  1.100  1.100  1.100  1.100  1.100  1.100  1.100  1.100  1.100  1.100  1.100
  1.100  1.100  1.100  1.100  1.100  1.100  1.100  1.100  1.100  1.100  1.100  1.100  1.100  1.100  1.100  1.100  1.100  1.100  1.100  1.100  1.100  1.100  1.100  1.100  1.100  1.100  1.100  1.100  1.100  1.100  1.100  1.100  1.100  1.100  1.100  1.100
  1.100  1.100  1.100  1.100  1.100  1.100  1.100  1.100  1.100  1.100  1.100  1.100  1.100  1.100  1.100  1.100  1.100  1.100  1.100  1.100  1.100  1.100  1.100  1.100  1.100  1.100  1.100  1.100  1.100  1.100  1.100  1.100  1.100  1.100  1.100  1.100
  1.100  1.100  1.100  1.100  1.100  1.100  1.100  1.100  1.100  1.100  1.100  1.100  1.100  1.100  1.100  1.100  1.100  1.100  1.100  1.100  1.100  1.100  1.100  1.100  1.100  1.100  1.100  1.100  1.100  1.100  1.100  1.100  1.100  1.100  1.100  1.100
  1.150  1.150  1.150  1.150  1.150  1.150  1.150  1.150  1.150  1.150  1.150  1.150  1.150  1.150  1.150  1.150  1.150  1.150  1.150  1.150  1.150  1.150  1.150  1.150  1.150  1.150  1.150  1.150  1.150  1.150  1.150  1.150  1.150  1.150  1.150  1.150
  1.150  1.150  1.150  1.150  1.150  1.150  1.150  1.150  1.150  1.150  1.150  1.150  1.150  1.150  1.150  1.150  1.150  1.150  1.150  1.150  1.150  1.150  1.150  1.150  1.150  1.150  1.150  1.150  1.150  1.150  1.150  1.150  1.150  1.150  1.150  1.150
  1.150  1.150  1.150  1.150  1.150  1.150  1.150  1.150  1.150  1.150  1.150  1.150  1.150  1.150  1.150  1.150  1.150  1.150  1.150  1.150  1.150  1.150  1.150  1.150  1.150  1.150  1.150  1.150  1.150  1.150  1.150  1.150  1.150  1.150  1.150  1.150
  1.150  1.150  1.150  1.150  1.150  1.150  1.150  1.150  1.150  1.150  1.150  1.150  1.150  1.150  1.150  1.150  1.150  1.150  1.150  1.150  1.150  1.150  1.150  1.150  1.150  1.150  1.150  1.150  1.150  1.150  1.150  1.150  1.150  1.150  1.150  1.150
  1.150  1.150  1.150  1.150  1.150  1.150  1.150  1.150  1.150  1.150  1.150  1.150  1.150  1.150  1.150  1.150  1.150  1.150  1.150  1.150  1.150  1.150  1.150  1.150  1.150  1.150  1.150  1.150  1.150  1.150  1.150  1.150  1.150  1.150  1.150  1.150
  1.150  1.150  1.150  1.150  1.150  1.150  1.150  1.150  1.150  1.150  1.150  1.150  1.150  1.150  1.150  1.150  1.150  1.150  1.150  1.150  1.150  1.150  1.150  1.150  1.150  1.150  1.150  1.150  1.150  1.150  1.150  1.150  1.150  1.150  1.150  1.150
  1.150  1.150  1.150  1.150  1.150  1.150  1.150  1.150  1.150  1.150  1.150  1.150  1.150  1.150  1.150  1.150  1.150  1.150  1.150  1.150  1.150  1.150  1.150  1.150  1.150  1.150  1.150  1.150  1.150  1.150  1.150  1.150  1.150  1.150  1.150  1.150
  1.150  1.150  1.150  1.150  1.150  1.150  1.150  1.150  1.150  1.150  1.150  1.150  1.150  1.150  1.150  1.150  1.150  1.150  1.150  1.150  1.150  1.150  1.150  1.150  1.150  1.150  1.150  1.150  1.150  1.150  1.150  1.150  1.150  1.150  1.150  1.150
  1.150  1.150  1.150  1.150  1.150  1.150  1.150  1.150  1.150  1.150  1.150  1.150  1.150  1.150  1.150  1.150  1.150  1.150  1.150  1.150  1.150  1.150  1.150  1.150  1.150  1.150  1.150  1.150  1.150  1.150  1.150  1.150  1.150  1.150  1.150  1.150
  1.150  1.150  1.150  1.150  1.150  1.150  1.150  1.150  1.150  1.150  1.150  1.150  1.150  1.150  1.150  1.150  1.150  1.150  1.150  1.150  1.150  1.150  1.150  1.150  1.150  1.150  1.150  1.150  1.150  1.150  1.150  1.150  1.150  1.150  1.150  1.150
  1.150  1.150  1.150  1.150  1.150  1.150  1.150  1.150  1.150  1.150  1.150  1.150  1.150  1.150  1.150  1.150  1.150  1.150  1.150  1.150  1.150  1.150  1.150  1.150  1.150  1.150  1.150  1.150  1.150  1.150  1.150  1.150  1.150  1.150  1.150  1.150
  1.150  1.150  1.150  1.150  1.150  1.150  1.150  1.150  1.150  1.150  1.150  1.150  1.150  1.150  1.150  1.150  1.150  1.150  1.150  1.150  1.150  1.150  1.150  1.150  1.150  1.150  1.150  1.150  1.150  1.150  1.150  1.150  1.150  1.150  1.150  1.150
  1.150  1.150  1.150  1.150  1.150  1.150  1.150  1.150  1.150  1.150  1.150  1.150  1.150  1.150  1.150  1.150  1.150  1.150  1.150  1.150  1.150  1.150  1.150  1.150  1.150  1.150  1.150  1.150  1.150  1.150  1.150  1.150  1.150  1.150  1.150  1.150
  1.150  1.150  1.150  1.150  1.150  1.150  1.150  1.150  1.150  1.150  1.150  1.150  1.150  1.150  1.150  1.150  1.150  1.150  1.150  1.150  1.150  1.150  1.150  1.150  1.150  1.150  1.150  1.150  1.150  1.150  1.150  1.150  1.150  1.150  1.150  1.150
  1.150  1.150  1.150  1.150  1.150  1.150  1.150  1.150  1.150  1.150  1.150  1.150  1.150  1.150  1.150  1.150  1.150  1.150  1.150  1.150  1.150  1.150  1.150  1.150  1.150  1.150  1.150  1.150  1.150  1.150  1.150  1.150  1.150  1.150  1.150  1.150
  1.150  1.150  1.150  1.150  1.150  1.150  1.150  1.150  1.150  1.150  1.150  1.150  1.150  1.150  1.150  1.150  1.150  1.150  1.150  1.150  1.150  1.150  1.150  1.150  1.150  1.150  1.150  1.150  1.150  1.150  1.150  1.150  1.150  1.150  1.150  1.150
  1.150  1.150  1.150  1.150  1.150  1.150  1.150  1.150  1.150  1.150  1.150  1.150  1.150  1.150  1.150  1.150  1.150  1.150  1.150  1.150  1.150  1.150  1.150  1.150  1.150  1.150  1.150  1.150  1.150  1.150  1.150  1.150  1.150  1.150  1.150  1.150
  1.150  1.150  1.150  1.150  1.150  1.150  1.150  1.150  1.150  1.150  1.150  1.150  1.150  1.150  1.150  1.150  1.150  1.150  1.150  1.150  1.150  1.150  1.150  1.150  1.150  1.150  1.150  1.150  1.150  1.150  1.150  1.150  1.150  1.150  1.150  1.150
  1.150  1.150  1.150  1.150  1.150  1.150  1.150  1.150  1.150  1.150  1.150  1.150  1.150  1.150  1.150  1.150  1.150  1.150  1.150  1.150  1.150  1.150  1.150  1.150  1.150  1.150  1.150  1.150  1.150  1.150  1.150  1.150  1.150  1.150  1.150  1.150
  1.150  1.150  1.150  1.150  1.150  1.150  1.150  1.150  1.150  1.150  1.150  1.150  1.150  1.150  1.150  1.150  1.150  1.150  1.150  1.150  1.150  1.150  1.150  1.150  1.150  1.150  1.150  1.150  1.150  1.150  1.150  1.150  1.150  1.150  1.150  1.150
  1.150  1.150  1.150  1.150  1.150  1.150  1.150  1.150  1.150  1.150  1.150  1.150  1.150  1.150  1.150  1.150  1.150  1.150  1.150  1.150  1.150  1.150  1.150  1.150  1.150  1.150  1.150  1.150  1.150  1.150  1.150  1.150  1.150  1.150  1.150  1.150
  1.150  1.150  1.150  1.150  1.150  1.150  1.150  1.150  1.150  1.150  1.150  1.150  1.150  1.150  1.150  1.150  1.150  1.150  1.150  1.150  1.150  1.150  1.150  1.150  1.150  1.150  1.150  1.150  1.150  1.150  1.150  1.150  1.150  1.150  1.150  1.150
  1.150  1.150  1.150  1.150  1.150  1.150  1.150  1.150  1.150  1.150  1.150  1.150  1.150  1.150  1.150  1.150  1.150  1.150  1.150  1.150  1.150  1.150  1.150  1.150  1.150  1.150  1.150  1.150  1.150  1.150  1.150  1.150  1.150  1.150  1.150  1.150
  1.150  1.150  1.150  1.150  1.150  1.150  1.150  1.150  1.150  1.150  1.150  1.150  1.150  1.150  1.150  1.150  1.150  1.150  1.150  1.150  1.150  1.150  1.150  1.150  1.150  1.150  1.150  1.150  1.150  1.150  1.150  1.150  1.150  1.150  1.150  1.150
  1.150  1.150  1.150  1.150  1.150  1.150  1.150  1.150  1.150  1.150  1.150  1.150  1.150  1.150  1.150  1.150  1.150  1.150  1.150  1.150  1.150  1.150  1.150  1.150  1.150  1.150  1.150  1.150  1.150  1.150  1.150  1.150  1.150  1.150  1.150  1.150
  1.150  1.150  1.150  1.150  1.150  1.150  1.150  1.150  1.150  1.150  1.150  1.150  1.150  1.150  1.150  1.150  1.150  1.150  1.150  1.150  1.150  1.150  1.150  1.150  1.150  1.150  1.150  1.150  1.150  1.150  1.150  1.150  1.150  1.150  1.150  1.150
  1.150  1.150  1.150  1.150  1.150  1.150  1.150  1.150  1.150  1.150  1.150  1.150  1.150  1.150  1.150  1.150  1.150  1.150  1.150  1.150  1.150  1.150  1.150  1.150  1.150  1.150  1.150  1.150  1.150  1.150  1.150  1.150  1.150  1.150  1.150  1.150
  1.150  1.150  1.150  1.150  1.150  1.150  1.150  1.150  1.150  1.150  1.150  1.150  1.150  1.150  1.150  1.150  1.150  1.150  1.150  1.150  1.150  1.150  1.150  1.150  1.150  1.150  1.150  1.150  1.150  1.150  1.150  1.150  1.150  1.150  1.150  1.150
  1.150  1.150  1.150  1.150  1.150  1.150  1.150  1.150  1.150  1.150  1.150  1.150  1.150  1.150  1.150  1.150  1.150  1.150  1.150  1.150  1.150  1.150  1.150  1.150  1.150  1.150  1.150  1.150  1.150  1.150  1.150  1.150  1.150  1.150  1.150  1.150
  1.150  1.150  1.150  1.150  1.150  1.150  1.150  1.150  1.150  1.150  1.150  1.150  1.150  1.150  1.150  1.150  1.150  1.150  1.150  1.150  1.150  1.150  1.150  1.150  1.150  1.150  1.150  1.150  1.150  1.150  1.150  1.150  1.150  1.150  1.150  1.150
  1.150  1.150  1.150  1.150  1.150  1.150  1.150  1.150  1.150  1.150  1.150  1.150  1.150  1.150  1.150  1.150  1.150  1.150  1.150  1.150  1.150  1.150  1.150  1.150  1.150  1.150  1.150  1.150  1.150  1.150  1.150  1.150  1.150  1.150  1.150  1.150
  1.150  1.150  1.150  1.150  1.150  1.150  1.150  1.150  1.150  1.150  1.150  1.150  1.150  1.150  1.150  1.150  1.150  1.150  1.150  1.150  1.150  1.150  1.150  1.150  1.150  1.150  1.150  1.150  1.150  1.150  1.150  1.150  1.150  1.150  1.150  1.150
  1.150  1.150  1.150  1.150  1.150  1.150  1.150  1.150  1.150  1.150  1.150  1.150  1.150  1.150  1.150  1.150  1.150  1.150  1.150  1.150  1.150  1.150  1.150  1.150  1.150  1.150  1.150  1.150  1.150  1.150  1.150  1.150  1.150  1.150  1.150  1.150
  1.150  1.150  1.150  1.150  1.150  1.150  1.150  1.150  1.150  1.150  1.150  1.150  1.150  1.150  1.150  1.150  1.150  1.150  1.150  1.150  1.150  1.150  1.150  1.150  1.150  1.150  1.150  1.150  1.150  1.150  1.150  1.150  1.150  1.150  1.150  1.150
  1.150  1.150  1.150  1.150  1.150  1.150  1.150  1.150  1.150  1.150  1.150  1.150  1.150  1.150  1.150  1.150  1.150  1.150  1.150  1.150  1.150  1.150  1.150  1.150  1.150  1.150  1.150  1.150  1.150  1.150  1.150  1.150  1.150  1.150  1.150  1.150
  1.150  1.150  1.150  1.150  1.150  1.150  1.150  1.150  1.150  1.150  1.150  1.150  1.150  1.150  1.150  1.150  1.150  1.150  1.150  1.150  1.150  1.150  1.150  1.150  1.150  1.150  1.150  1.150  1.150  1.150  1.150  1.150  1.150  1.150  1.150  1.150
  1.200  1.200  1.200  1.200  1.200  1.200  1.200  1.200  1.200  1.200  1.200  1.200  1.200  1.200  1.200  1.200  1.200  1.200  1.200  1.200  1.200  1.200  1.200  1.200  1.200  1.200  1.200  1.200  1.200  1.200  1.200  1.200  1.200  1.200  1.200  1.200
  1.200  1.200  1.200  1.200  1.200  1.200  1.200  1.200  1.200  1.200  1.200  1.200  1.200  1.200  1.200  1.200  1.200  1.200  1.200  1.200  1.200  1.200  1.200  1.200  1.200  1.200  1.200  1.200  1.200  1.200  1.200  1.200  1.200  1.200  1.200  1.200
  1.200  1.200  1.200  1.200  1.200  1.200  1.200  1.200  1.200  1.200  1.200  1.200  1.200  1.200  1.200  1.200  1.200  1.200  1.200  1.200  1.200  1.200  1.200  1.200  1.200  1.200  1.200  1.200  1.200  1.200  1.200  1.200  1.200  1.200  1.200  1.200
  1.200  1.200  1.200  1.200  1.200  1.200  1.200  1.200  1.200  1.200  1.200  1.200  1.200  1.200  1.200  1.200  1.200  1.200  1.200  1.200  1.200  1.200  1.200  1.200  1.200  1.200  1.200  1.200  1.200  1.200  1.200  1.200  1.200  1.200  1.200  1.200
  1.200  1.200  1.200  1.200  1.200  1.200  1.200  1.200  1.200  1.200  1.200  1.200  1.200  1.200  1.200  1.200  1.200  1.200  1.200  1.200  1.200  1.200  1.200  1.200  1.200  1.200  1.200  1.200  1.200  1.200  1.200  1.200  1.200  1.200  1.200  1.200
  1.200  1.200  1.200  1.200  1.200  1.200  1.200  1.200  1.200  1.200  1.200  1.200  1.200  1.200  1.200  1.200  1.200  1.200  1.200  1.200  1.200  1.200  1.200  1.200  1.200  1.200  1.200  1.200  1.200  1.200  1.200  1.200  1.200  1.200  1.200  1.200
  1.200  1.200  1.200  1.200  1.200  1.200  1.200  1.200  1.200  1.200  1.200  1.200  1.200  1.200  1.200  1.200  1.200  1.200  1.200  1.200  1.200  1.200  1.200  1.200  1.200  1.200  1.200  1.200  1.200  1.200  1.200  1.200  1.200  1.200  1.200  1.200
  1.200  1.200  1.200  1.200  1.200  1.200  1.200  1.200  1.200  1.200  1.200  1.200  1.200  1.200  1.200  1.200  1.200  1.200  1.200  1.200  1.200  1.200  1.200  1.200  1.200  1.200  1.200  1.200  1.200  1.200  1.200  1.200  1.200  1.200  1.200  1.200
  1.200  1.200  1.200  1.200  1.200  1.200  1.200  1.200  1.200  1.200  1.200  1.200  1.200  1.200  1.200  1.200  1.200  1.200  1.200  1.200  1.200  1.200  1.200  1.200  1.200  1.200  1.200  1.200  1.200  1.200  1.200  1.200  1.200  1.200  1.200  1.200
  1.200  1.200  1.200  1.200  1.200  1.200  1.200  1.200  1.200  1.200  1.200  1.200  1.200  1.200  1.200  1.200  1.200  1.200  1.200  1.200  1.200  1.200  1.200  1.200  1.200  1.200  1.200  1.200  1.200  1.200  1.200  1.200  1.200  1.200  1.200  1.200
  1.200  1.200  1.200  1.200  1.200  1.200  1.200  1.200  1.200  1.200  1.200  1.200  1.200  1.200  1.200  1.200  1.200  1.200  1.200  1.200  1.200  1.200  1.200  1.200  1.200  1.200  1.200  1.200  1.200  1.200  1.200  1.200  1.200  1.200  1.200  1.200
  1.200  1.200  1.200  1.200  1.200  1.200  1.200  1.200  1.200  1.200  1.200  1.200  1.200  1.200  1.200  1.200  1.200  1.200  1.200  1.200  1.200  1.200  1.200  1.200  1.200  1.200  1.200  1.200  1.200  1.200  1.200  1.200  1.200  1.200  1.200  1.200
  1.200  1.200  1.200  1.200  1.200  1.200  1.200  1.200  1.200  1.200  1.200  1.200  1.200  1.200  1.200  1.200  1.200  1.200  1.200  1.200  1.200  1.200  1.200  1.200  1.200  1.200  1.200  1.200  1.200  1.200  1.200  1.200  1.200  1.200  1.200  1.200
  1.200  1.200  1.200  1.200  1.200  1.200  1.200  1.200  1.200  1.200  1.200  1.200  1.200  1.200  1.200  1.200  1.200  1.200  1.200  1.200  1.200  1.200  1.200  1.200  1.200  1.200  1.200  1.200  1.200  1.200  1.200  1.200  1.200  1.200  1.200  1.200
  1.200  1.200  1.200  1.200  1.200  1.200  1.200  1.200  1.200  1.200  1.200  1.200  1.200  1.200  1.200  1.200  1.200  1.200  1.200  1.200  1.200  1.200  1.200  1.200  1.200  1.200  1.200  1.200  1.200  1.200  1.200  1.200  1.200  1.200  1.200  1.200
  1.200  1.200  1.200  1.200  1.200  1.200  1.200  1.200  1.200  1.200  1.200  1.200  1.200  1.200  1.200  1.200  1.200  1.200  1.200  1.200  1.200  1.200  1.200  1.200  1.200  1.200  1.200  1.200  1.200  1.200  1.200  1.200  1.200  1.200  1.200  1.200
  1.200  1.200  1.200  1.200  1.200  1.200  1.200  1.200  1.200  1.200  1.200  1.200  1.200  1.200  1.200  1.200  1.200  1.200  1.200  1.200  1.200  1.200  1.200  1.200  1.200  1.200  1.200  1.200  1.200  1.200  1.200  1.200  1.200  1.200  1.200  1.200
  1.200  1.200  1.200  1.200  1.200  1.200  1.200  1.200  1.200  1.200  1.200  1.200  1.200  1.200  1.200  1.200  1.200  1.200  1.200  1.200  1.200  1.200  1.200  1.200  1.200  1.200  1.200  1.200  1.200  1.200  1.200  1.200  1.200  1.200  1.200  1.200
  1.200  1.200  1.200  1.200  1.200  1.200  1.200  1.200  1.200  1.200  1.200  1.200  1.200  1.200  1.200  1.200  1.200  1.200  1.200  1.200  1.200  1.200  1.200  1.200  1.200  1.200  1.200  1.200  1.200  1.200  1.200  1.200  1.200  1.200  1.200  1.200
  1.200  1.200  1.200  1.200  1.200  1.200  1.200  1.200  1.200  1.200  1.200  1.200  1.200  1.200  1.200  1.200  1.200  1.200  1.200  1.200  1.200  1.200  1.200  1.200  1.200  1.200  1.200  1.200  1.200  1.200  1.200  1.200  1.200  1.200  1.200  1.200
  1.200  1.200  1.200  1.200  1.200  1.200  1.200  1.200  1.200  1.200  1.200  1.200  1.200  1.200  1.200  1.200  1.200  1.200  1.200  1.200  1.200  1.200  1.200  1.200  1.200  1.200  1.200  1.200  1.200  1.200  1.200  1.200  1.200  1.200  1.200  1.200
  1.200  1.200  1.200  1.200  1.200  1.200  1.200  1.200  1.200  1.200  1.200  1.200  1.200  1.200  1.200  1.200  1.200  1.200  1.200  1.200  1.200  1.200  1.200  1.200  1.200  1.200  1.200  1.200  1.200  1.200  1.200  1.200  1.200  1.200  1.200  1.200
  1.200  1.200  1.200  1.200  1.200  1.200  1.200  1.200  1.200  1.200  1.200  1.200  1.200  1.200  1.200  1.200  1.200  1.200  1.200  1.200  1.200  1.200  1.200  1.200  1.200  1.200  1.200  1.200  1.200  1.200  1.200  1.200  1.200  1.200  1.200  1.200
  1.200  1.200  1.200  1.200  1.200  1.200  1.200  1.200  1.200  1.200  1.200  1.200  1.200  1.200  1.200  1.200  1.200  1.200  1.200  1.200  1.200  1.200  1.200  1.200  1.200  1.200  1.200  1.200  1.200  1.200  1.200  1.200  1.200  1.200  1.200  1.200
  1.200  1.200  1.200  1.200  1.200  1.200  1.200  1.200  1.200  1.200  1.200  1.200  1.200  1.200  1.200  1.200  1.200  1.200  1.200  1.200  1.200  1.200  1.200  1.200  1.200  1.200  1.200  1.200  1.200  1.200  1.200  1.200  1.200  1.200  1.200  1.200
  1.200  1.200  1.200  1.200  1.200  1.200  1.200  1.200  1.200  1.200  1.200  1.200  1.200  1.200  1.200  1.200  1.200  1.200  1.200  1.200  1.200  1.200  1.200  1.200  1.200  1.200  1.200  1.200  1.200  1.200  1.200  1.200  1.200  1.200  1.200  1.200
  1.200  1.200  1.200  1.200  1.200  1.200  1.200  1.200  1.200  1.200  1.200  1.200  1.200  1.200  1.200  1.200  1.200  1.200  1.200  1.200  1.200  1.200  1.200  1.200  1.200  1.200  1.200  1.200  1.200  1.200  1.200  1.200  1.200  1.200  1.200  1.200
  1.200  1.200  1.200  1.200  1.200  1.200  1.200  1.200  1.200  1.200  1.200  1.200  1.200  1.200  1.200  1.200  1.200  1.200  1.200  1.200  1.200  1.200  1.200  1.200  1.200  1.200  1.200  1.200  1.200  1.200  1.200  1.200  1.200  1.200  1.200  1.200
  1.200  1.200  1.200  1.200  1.200  1.200  1.200  1.200  1.200  1.200  1.200  1.200  1.200  1.200  1.200  1.200  1.200  1.200  1.200  1.200  1.200  1.200  1.200  1.200  1.200  1.200  1.200  1.200  1.200  1.200  1.200  1.200  1.200  1.200  1.200  1.200
  1.200  1.200  1.200  1.200  1.200  1.200  1.200  1.200  1.200  1.200  1.200  1.200  1.200  1.200  1.200  1.200  1.200  1.200  1.200  1.200  1.200  1.200  1.200  1.200  1.200  1.200  1.200  1.200  1.200  1.200  1.200  1.200  1.200  1.200  1.200  1.200
  1.200  1.200  1.200  1.200  1.200  1.200  1.200  1.200  1.200  1.200  1.200  1.200  1.200  1.200  1.200  1.200  1.200  1.200  1.200  1.200  1.200  1.200  1.200  1.200  1.200  1.200  1.200  1.200  1.200  1.200  1.200  1.200  1.200  1.200  1.200  1.200
  1.200  1.200  1.200  1.200  1.200  1.200  1.200  1.200  1.200  1.200  1.200  1.200  1.200  1.200  1.200  1.200  1.200  1.200  1.200  1.200  1.200  1.200  1.200  1.200  1.200  1.200  1.200  1.200  1.200  1.200  1.200  1.200  1.200  1.200  1.200  1.200
  1.200  1.200  1.200  1.200  1.200  1.200  1.200  1.200  1.200  1.200  1.200  1.200  1.200  1.200  1.200  1.200  1.200  1.200  1.200  1.200  1.200  1.200  1.200  1.200  1.200  1.200  1.200  1.200  1.200  1.200  1.200  1.200  1.200  1.200  1.200  1.200
  1.200  1.200  1.200  1.200  1.200  1.200  1.200  1.200  1.200  1.200  1.200  1.200  1.200  1.200  1.200  1.200  1.200  1.200  1.200  1.200  1.200  1.200  1.200  1.200  1.200  1.200  1.200  1.200  1.200  1.200  1.200  1.200  1.200  1.200  1.200  1.200
  1.200  1.200  1.200  1.200  1.200  1.200  1.200  1.200  1.200  1.200  1.200  1.200  1.200  1.200  1.200  1.200  1.200  1.200  1.200  1.200  1.200  1.200  1.200  1.200  1.200  1.200  1.200  1.200  1.200  1.200  1.200  1.200  1.200  1.200  1.200  1.200
  1.200  1.200  1.200  1.200  1.200  1.200  1.200  1.200  1.200  1.200  1.200  1.200  1.200  1.200  1.200  1.200  1.200  1.200  1.200  1.200  1.200  1.200  1.200  1.200  1.200  1.200  1.200  1.200  1.200  1.200  1.200  1.200  1.200  1.200  1.200  1.200
  1.250  1.250  1.250  1.250  1.250  1.250  1.250  1.250  1.250  1.250  1.250  1.250  1.250  1.250  1.250  1.250  1.250  1.250  1.250  1.250  1.250  1.250  1.250  1.250  1.250  1.250  1.250  1.250  1.250  1.250  1.250  1.250  1.250  1.250  1.250  1.250
  1.250  1.250  1.250  1.250  1.250  1.250  1.250  1.250  1.250  1.250  1.250  1.250  1.250  1.250  1.250  1.250  1.250  1.250  1.250  1.250  1.250  1.250  1.250  1.250  1.250  1.250  1.250  1.250  1.250  1.250  1.250  1.250  1.250  1.250  1.250  1.250
  1.250  1.250  1.250  1.250  1.250  1.250  1.250  1.250  1.250  1.250  1.250  1.250  1.250  1.250  1.250  1.250  1.250  1.250  1.250  1.250  1.250  1.250  1.250  1.250  1.250  1.250  1.250  1.250  1.250  1.250  1.250  1.250  1.250  1.250  1.250  1.250
  1.250  1.250  1.250  1.250  1.250  1.250  1.250  1.250  1.250  1.250  1.250  1.250  1.250  1.250  1.250  1.250  1.250  1.250  1.250  1.250  1.250  1.250  1.250  1.250  1.250  1.250  1.250  1.250  1.250  1.250  1.250  1.250  1.250  1.250  1.250  1.250
  1.250  1.250  1.250  1.250  1.250  1.250  1.250  1.250  1.250  1.250  1.250  1.250  1.250  1.250  1.250  1.250  1.250  1.250  1.250  1.250  1.250  1.250  1.250  1.250  1.250  1.250  1.250  1.250  1.250  1.250  1.250  1.250  1.250  1.250  1.250  1.250
  1.250  1.250  1.250  1.250  1.250  1.250  1.250  1.250  1.250  1.250  1.250  1.250  1.250  1.250  1.250  1.250  1.250  1.250  1.250  1.250  1.250  1.250  1.250  1.250  1.250  1.250  1.250  1.250  1.250  1.250  1.250  1.250  1.250  1.250  1.250  1.250
  1.250  1.250  1.250  1.250  1.250  1.250  1.250  1.250  1.250  1.250  1.250  1.250  1.250  1.250  1.250  1.250  1.250  1.250  1.250  1.250  1.250  1.250  1.250  1.250  1.250  1.250  1.250  1.250  1.250  1.250  1.250  1.250  1.250  1.250  1.250  1.250
  1.250  1.250  1.250  1.250  1.250  1.250  1.250  1.250  1.250  1.250  1.250  1.250  1.250  1.250  1.250  1.250  1.250  1.250  1.250  1.250  1.250  1.250  1.250  1.250  1.250  1.250  1.250  1.250  1.250  1.250  1.250  1.250  1.250  1.250  1.250  1.250
  1.250  1.250  1.250  1.250  1.250  1.250  1.250  1.250  1.250  1.250  1.250  1.250  1.250  1.250  1.250  1.250  1.250  1.250  1.250  1.250  1.250  1.250  1.250  1.250  1.250  1.250  1.250  1.250  1.250  1.250  1.250  1.250  1.250  1.250  1.250  1.250
  1.250  1.250  1.250  1.250  1.250  1.250  1.250  1.250  1.250  1.250  1.250  1.250  1.250  1.250  1.250  1.250  1.250  1.250  1.250  1.250  1.250  1.250  1.250  1.250  1.250  1.250  1.250  1.250  1.250  1.250  1.250  1.250  1.250  1.250  1.250  1.250
  1.250  1.250  1.250  1.250  1.250  1.250  1.250  1.250  1.250  1.250  1.250  1.250  1.250  1.250  1.250  1.250  1.250  1.250  1.250  1.250  1.250  1.250  1.250  1.250  1.250  1.250  1.250  1.250  1.250  1.250  1.250  1.250  1.250  1.250  1.250  1.250
  1.250  1.250  1.250  1.250  1.250  1.250  1.250  1.250  1.250  1.250  1.250  1.250  1.250  1.250  1.250  1.250  1.250  1.250  1.250  1.250  1.250  1.250  1.250  1.250  1.250  1.250  1.250  1.250  1.250  1.250  1.250  1.250  1.250  1.250  1.250  1.250
  1.250  1.250  1.250  1.250  1.250  1.250  1.250  1.250  1.250  1.250  1.250  1.250  1.250  1.250  1.250  1.250  1.250  1.250  1.250  1.250  1.250  1.250  1.250  1.250  1.250  1.250  1.250  1.250  1.250  1.250  1.250  1.250  1.250  1.250  1.250  1.250
  1.250  1.250  1.250  1.250  1.250  1.250  1.250  1.250  1.250  1.250  1.250  1.250  1.250  1.250  1.250  1.250  1.250  1.250  1.250  1.250  1.250  1.250  1.250  1.250  1.250  1.250  1.250  1.250  1.250  1.250  1.250  1.250  1.250  1.250  1.250  1.250
  1.250  1.250  1.250  1.250  1.250  1.250  1.250  1.250  1.250  1.250  1.250  1.250  1.250  1.250  1.250  1.250  1.250  1.250  1.250  1.250  1.250  1.250  1.250  1.250  1.250  1.250  1.250  1.250  1.250  1.250  1.250  1.250  1.250  1.250  1.250  1.250
  1.250  1.250  1.250  1.250  1.250  1.250  1.250  1.250  1.250  1.250  1.250  1.250  1.250  1.250  1.250  1.250  1.250  1.250  1.250  1.250  1.250  1.250  1.250  1.250  1.250  1.250  1.250  1.250  1.250  1.250  1.250  1.250  1.250  1.250  1.250  1.250
  1.250  1.250  1.250  1.250  1.250  1.250  1.250  1.250  1.250  1.250  1.250  1.250  1.250  1.250  1.250  1.250  1.250  1.250  1.250  1.250  1.250  1.250  1.250  1.250  1.250  1.250  1.250  1.250  1.250  1.250  1.250  1.250  1.250  1.250  1.250  1.250
  1.250  1.250  1.250  1.250  1.250  1.250  1.250  1.250  1.250  1.250  1.250  1.250  1.250  1.250  1.250  1.250  1.250  1.250  1.250  1.250  1.250  1.250  1.250  1.250  1.250  1.250  1.250  1.250  1.250  1.250  1.250  1.250  1.250  1.250  1.250  1.250
  1.250  1.250  1.250  1.250  1.250  1.250  1.250  1.250  1.250  1.250  1.250  1.250  1.250  1.250  1.250  1.250  1.250  1.250  1.250  1.250  1.250  1.250  1.250  1.250  1.250  1.250  1.250  1.250  1.250  1.250  1.250  1.250  1.250  1.250  1.250  1.250
  1.250  1.250  1.250  1.250  1.250  1.250  1.250  1.250  1.250  1.250  1.250  1.250  1.250  1.250  1.250  1.250  1.250  1.250  1.250  1.250  1.250  1.250  1.250  1.250  1.250  1.250  1.250  1.250  1.250  1.250  1.250  1.250  1.250  1.250  1.250  1.250
  1.250  1.250  1.250  1.250  1.250  1.250  1.250  1.250  1.250  1.250  1.250  1.250  1.250  1.250  1.250  1.250  1.250  1.250  1.250  1.250  1.250  1.250  1.250  1.250  1.250  1.250  1.250  1.250  1.250  1.250  1.250  1.250  1.250  1.250  1.250  1.250
  1.250  1.250  1.250  1.250  1.250  1.250  1.250  1.250  1.250  1.250  1.250  1.250  1.250  1.250  1.250  1.250  1.250  1.250  1.250  1.250  1.250  1.250  1.250  1.250  1.250  1.250  1.250  1.250  1.250  1.250  1.250  1.250  1.250  1.250  1.250  1.250
  1.250  1.250  1.250  1.250  1.250  1.250  1.250  1.250  1.250  1.250  1.250  1.250  1.250  1.250  1.250  1.250  1.250  1.250  1.250  1.250  1.250  1.250  1.250  1.250  1.250  1.250  1.250  1.250  1.250  1.250  1.250  1.250  1.250  1.250  1.250  1.250
  1.250  1.250  1.250  1.250  1.250  1.250  1.250  1.250  1.250  1.250  1.250  1.250  1.250  1.250  1.250  1.250  1.250  1.250  1.250  1.250  1.250  1.250  1.250  1.250  1.250  1.250  1.250  1.250  1.250  1.250  1.250  1.250  1.250  1.250  1.250  1.250
  1.250  1.250  1.250  1.250  1.250  1.250  1.250  1.250  1.250  1.250  1.250  1.250  1.250  1.250  1.250  1.250  1.250  1.250  1.250  1.250  1.250  1.250  1.250  1.250  1.250  1.250  1.250  1.250  1.250  1.250  1.250  1.250  1.250  1.250  1.250  1.250
  1.250  1.250  1.250  1.250  1.250  1.250  1.250  1.250  1.250  1.250  1.250  1.250  1.250  1.250  1.250  1.250  1.250  1.250  1.250  1.250  1.250  1.250  1.250  1.250  1.250  1.250  1.250  1.250  1.250  1.250  1.250  1.250  1.250  1.250  1.250  1.250
  1.250  1.250  1.250  1.250  1.250  1.250  1.250  1.250  1.250  1.250  1.250  1.250  1.250  1.250  1.250  1.250  1.250  1.250  1.250  1.250  1.250  1.250  1.250  1.250  1.250  1.250  1.250  1.250  1.250  1.250  1.250  1.250  1.250  1.250  1.250  1.250
  1.250  1.250  1.250  1.250  1.250  1.250  1.250  1.250  1.250  1.250  1.250  1.250  1.250  1.250  1.250  1.250  1.250  1.250  1.250  1.250  1.250  1.250  1.250  1.250  1.250  1.250  1.250  1.250  1.250  1.250  1.250  1.250  1.250  1.250  1.250  1.250
  1.250  1.250  1.250  1.250  1.250  1.250  1.250  1.250  1.250  1.250  1.250  1.250  1.250  1.250  1.250  1.250  1.250  1.250  1.250  1.250  1.250  1.250  1.250  1.250  1.250  1.250  1.250  1.250  1.250  1.250  1.250  1.250  1.250  1.250  1.250  1.250
  1.250  1.250  1.250  1.250  1.250  1.250  1.250  1.250  1.250  1.250  1.250  1.250  1.250  1.250  1.250  1.250  1.250  1.250  1.250  1.250  1.250  1.250  1.250  1.250  1.250  1.250  1.250  1.250  1.250  1.250  1.250  1.250  1.250  1.250  1.250  1.250
  1.250  1.250  1.250  1.250  1.250  1.250  1.250  1.250  1.250  1.250  1.250  1.250  1.250  1.250  1.250  1.250  1.250  1.250  1.250  1.250  1.250  1.250  1.250  1.250  1.250  1.250  1.250  1.250  1.250  1.250  1.250  1.250  1.250  1.250  1.250  1.250
  1.250  1.250  1.250  1.250  1.250  1.250  1.250  1.250  1.250  1.250  1.250  1.250  1.250  1.250  1.250  1.250  1.250  1.250  1.250  1.250  1.250  1.250  1.250  1.250  1.250  1.250  1.250  1.250  1.250  1.250  1.250  1.250  1.250  1.250  1.250  1.250
  1.250  1.250  1.250  1.250  1.250  1.250  1.250  1.250  1.250  1.250  1.250  1.250  1.250  1.250  1.250  1.250  1.250  1.250  1.250  1.250  1.250  1.250  1.250  1.250  1.250  1.250  1.250  1.250  1.250  1.250  1.250  1.250  1.250  1.250  1.250  1.250
  1.250  1.250  1.250  1.250  1.250  1.250  1.250  1.250  1.250  1.250  1.250  1.250  1.250  1.250  1.250  1.250  1.250  1.250  1.250  1.250  1.250  1.250  1.250  1.250  1.250  1.250  1.250  1.250  1.250  1.250  1.250  1.250  1.250  1.250  1.250  1.250
  1.250  1.250  1.250  1.250  1.250  1.250  1.250  1.250  1.250  1.250  1.250  1.250  1.250  1.250  1.250  1.250  1.250  1.250  1.250  1.250  1.250  1.250  1.250  1.250  1.250  1.250  1.250  1.250  1.250  1.250  1.250  1.250  1.250  1.250  1.250  1.250
  1.250  1.250  1.250  1.250  1.250  1.250  1.250  1.250  1.250  1.250  1.250  1.250  1.250  1.250  1.250  1.250  1.250  1.250  1.250  1.250  1.250  1.250  1.250  1.250  1.250  1.250  1.250  1.250  1.250  1.250  1.250  1.250  1.250  1.250  1.250  1.250
